theta1,theta2
0.27461216,0.16219816
0.29514772,0.15531184
0.29757068,0.16690825
0.29004735,0.17688572
0.32614306,0.15447098
0.27668682,0.1585803
0.26317364,0.16829544
0.28681874,0.16119055
0.28108582,0.1475209
0.3085735,0.16516198
0.27838874,0.16083486
0.29374045,0.15724944
0.27715594,0.16669542
0.29605255,0.17311671
0.2905439,0.16608272
0.28808114,0.16574037
0.28513786,0.15850504
0.29192477,0.14775036
0.29037118,0.15453479
0.3002501,0.15800337
0.29983717,0.18138032
0.28587073,0.17771283
0.29868126,0.15963422
0.28456536,0.1942706
0.2801036,0.15831725
0.2695305,0.15801448
0.30110607,0.18790604
0.29283723,0.16931033
0.2857661,0.16011453
0.29808298,0.16350503
0.14011085,0.013098254
0.11925426,0.0147023555
0.11766933,0.015174334
0.1349981,0.017100781
0.17033343,0.012922942
0.11599258,0.012060715
0.11490366,0.014254182
0.11388535,0.016482532
0.13448396,0.013845824
0.12951852,0.01571766
0.12804934,0.014636081
0.10887235,0.015854852
0.12161729,0.012567393
0.115220785,0.012665266
0.11387205,0.015733942
0.1150629,0.017314669
0.12230962,0.014871981
0.14793162,0.0127580045
0.1349161,0.012686248
0.12518078,0.013122537
0.105382584,0.016379984
0.13391596,0.015685117
0.12989172,0.0146609545
0.12093418,0.019721327
0.14065585,0.016678102
0.11921897,0.0131726125
0.14492221,0.014652442
0.12742072,0.017247805
0.13618794,0.014702328
0.12123725,0.012875034
0.15635829,0.01930268
0.15146439,0.021168848
0.15460432,0.022534037
0.14228438,0.020603416
0.1646017,0.018152185
0.13307934,0.018046997
0.14930882,0.019516498
0.16539754,0.021100717
0.14872743,0.020055477
0.15789603,0.019903379
0.1395548,0.020472743
0.1407254,0.020272886
0.14113519,0.020151109
0.14038512,0.01795409
0.1363814,0.019452786
0.15102395,0.020100582
0.14533213,0.019595271
0.1531268,0.018683787
0.15094523,0.023146607
0.17184934,0.022852346
0.16007128,0.019294156
0.1388145,0.018229866
0.15755334,0.0183029
0.13421217,0.023514686
0.16383508,0.021585599
0.15052211,0.019645505
0.12694353,0.01815977
0.13423048,0.020780727
0.17659095,0.020925587
0.13687715,0.017123364
0.22621281,0.026764482
0.23798382,0.024496632
0.22392073,0.027884273
0.24765103,0.030422699
0.22119,0.027268028
0.23167421,0.024802364
0.21167672,0.029056285
0.20563358,0.027058508
0.2177548,0.02678106
0.22797908,0.026670424
0.21866035,0.027034037
0.22417991,0.027723493
0.23184787,0.027956609
0.24241745,0.02733275
0.22139923,0.028416345
0.2427597,0.032917585
0.23802195,0.030316649
0.24375233,0.025106827
0.24960318,0.027783437
0.24390222,0.024464084
0.23798455,0.027300587
0.23467466,0.033652995
0.21551271,0.027551655
0.23683926,0.028593121
0.25796244,0.030188797
0.23107865,0.029923355
0.24310502,0.027098678
0.23492806,0.028505858
0.23167314,0.025979096
0.23043853,0.030530112
0.11579525,0.012526139
0.11918302,0.016536249
0.12203384,0.01381614
0.118503086,0.013616396
0.108300395,0.01536967
0.12514852,0.013384881
0.12971675,0.012752612
0.12513743,0.014654398
0.12390921,0.013861295
0.10305519,0.012745207
0.11885787,0.015784962
0.1269664,0.014160398
0.11054015,0.012644203
0.10815046,0.012480587
0.118118554,0.015668135
0.12738742,0.013189155
0.13405664,0.015108985
0.12528645,0.016953222
0.11935497,0.015425146
0.1172414,0.015072168
0.12808013,0.013818375
0.12925957,0.012082774
0.11780428,0.014439945
0.11830748,0.012299424
0.115845524,0.016035317
0.12263849,0.01418555
0.10380306,0.012418732
0.11486701,0.0142016625
0.12788302,0.0153945135
0.11864519,0.014297038
0.11345924,0.0028689709
0.11983642,0.0041024243
0.13220781,0.0030940117
0.12002482,0.0032892425
0.1081839,0.003763969
0.13822405,0.0030595383
0.12282479,0.002898999
0.11572501,0.003437926
0.12359657,0.002988221
0.11064814,0.0028289212
0.13465205,0.003342967
0.12955244,0.003137634
0.11539854,0.0028579105
0.10964371,0.0027468682
0.1272644,0.004129202
0.12909131,0.0035937154
0.124683484,0.0036473277
0.12066356,0.0038749322
0.12793042,0.0032795053
0.12894386,0.0034920224
0.12589951,0.003730274
0.12605274,0.002938793
0.11739959,0.0038627745
0.11603511,0.0032717616
0.12997732,0.004218339
0.12465427,0.0032467041
0.11351663,0.0029193675
0.113467015,0.0034032513
0.11809033,0.0034607174
0.1283029,0.0030736364
0.20804387,0.060751643
0.2231603,0.057266552
0.2236329,0.05638128
0.21843204,0.056801904
0.20486826,0.062236376
0.23983532,0.064895056
0.22027159,0.05887049
0.22422676,0.061394986
0.22383255,0.06123196
0.22072475,0.05436761
0.22155008,0.05744409
0.23761775,0.06167159
0.22341073,0.06344117
0.2268129,0.060504436
0.23238656,0.059569664
0.22643742,0.05841378
0.23248367,0.061021153
0.21262282,0.0653826
0.22249363,0.059790723
0.22330791,0.0620963
0.24191168,0.0583104
0.21649756,0.057140745
0.21203601,0.06139126
0.21026608,0.05477898
0.2326603,0.059961896
0.2281155,0.056520414
0.22082978,0.060248084
0.23773013,0.05518515
0.21738297,0.058794774
0.22665362,0.061849624
0.084341556,0.0022925974
0.07388221,0.003195943
0.08265339,0.002481651
0.078711584,0.002633641
0.07576029,0.0030830547
0.08605646,0.002580963
0.091944285,0.0024694074
0.0824779,0.0026979079
0.0753995,0.0023873218
0.07943165,0.0025274097
0.08316857,0.0027198275
0.07971349,0.0027855532
0.07730901,0.002298812
0.07193332,0.0019192183
0.0698236,0.0033656654
0.0835757,0.0033476492
0.0774344,0.0027535367
0.08802807,0.0029946833
0.077756576,0.0028658637
0.08507029,0.003058346
0.074327044,0.0027452805
0.07725331,0.002552552
0.08318929,0.0032576325
0.070890695,0.0030058858
0.094676204,0.0035225595
0.07808475,0.002517987
0.06779508,0.0023037712
0.07176287,0.0029499903
0.09228132,0.003230792
0.076257624,0.002345277
0.17542247,0.024181567
0.17132233,0.024223633
0.15891255,0.024650265
0.18644774,0.024870293
0.17013592,0.02696163
0.16849509,0.026253922
0.1696499,0.026235776
0.16369027,0.024817511
0.17297691,0.027266571
0.1671989,0.025961956
0.1538333,0.02479047
0.16664644,0.026312754
0.16774172,0.0251639
0.17371738,0.025954764
0.1657979,0.026014896
0.16065769,0.030993337
0.17991012,0.02676712
0.17431939,0.02462628
0.16839178,0.023568412
0.17538676,0.02448294
0.1716526,0.023784176
0.1690149,0.027441286
0.17782553,0.025433928
0.1614018,0.027703015
0.18195614,0.02648084
0.17280802,0.025787283
0.18399417,0.026535131
0.19282867,0.026485065
0.17265415,0.027554473
0.16140118,0.02652508
0.18046659,0.055102367
0.19738992,0.05836016
0.19527386,0.054388843
0.18594569,0.05492916
0.1703338,0.061033525
0.19320382,0.056349955
0.18203676,0.055651534
0.18331282,0.054585695
0.19359492,0.059578683
0.18249029,0.05354538
0.19486146,0.059498932
0.18147606,0.05671826
0.19600661,0.055794246
0.1876182,0.054440174
0.19506414,0.057845045
0.20357399,0.061184555
0.19475108,0.0558448
0.18882965,0.056334656
0.20689207,0.058747135
0.19521403,0.05809606
0.20511107,0.05588857
0.18416484,0.054691575
0.18651223,0.05659759
0.18703756,0.05591019
0.20597243,0.056326106
0.20188065,0.057083305
0.1952238,0.05415724
0.18325353,0.052951466
0.18458746,0.051662795
0.1835507,0.057972725
0.14606011,0.06477845
0.14494058,0.06900314
0.14665025,0.061604854
0.13803905,0.06281494
0.14259796,0.069840245
0.12868427,0.062720664
0.13625582,0.061137173
0.123285286,0.060360953
0.14676498,0.07061468
0.12726752,0.06156167
0.14663659,0.070483476
0.12469616,0.0613111
0.1342285,0.06368955
0.12295696,0.06323844
0.13859522,0.060650427
0.15783118,0.07095512
0.13962981,0.062315583
0.15744813,0.062045433
0.14831647,0.07260647
0.15447411,0.06527602
0.14214122,0.061739266
0.13527046,0.06066341
0.13714635,0.06315787
0.1347139,0.07133739
0.16696657,0.06253566
0.1472788,0.06658786
0.1319005,0.06431955
0.12681398,0.06613353
0.14886133,0.06299694
0.13918424,0.06585598
0.16691133,0.17721035
0.18348679,0.1606707
0.18479803,0.16984531
0.17296346,0.17699066
0.19807635,0.1592135
0.17402585,0.16190109
0.16382809,0.17139915
0.18291214,0.17469361
0.18088757,0.16023968
0.18716346,0.16470233
0.17745906,0.17233455
0.17884289,0.18291026
0.16761516,0.1815221
0.17967455,0.19195557
0.17632005,0.16329561
0.18416083,0.15967734
0.18373445,0.16725267
0.19151682,0.16518298
0.180927,0.16687846
0.19207402,0.17122284
0.19781677,0.17163411
0.1893778,0.15566033
0.18043336,0.154764
0.16508399,0.18139228
0.17511575,0.15645923
0.17442445,0.15977898
0.17614807,0.18981524
0.18265903,0.16489731
0.18306106,0.1681658
0.18659955,0.16793787
0.07547955,0.022327842
0.056093063,0.026550513
0.05648223,0.02515154
0.073186986,0.03087297
0.07710272,0.022397473
0.06801025,0.02124483
0.061632983,0.024784863
0.064805806,0.025769776
0.062292565,0.022094516
0.06694284,0.030400423
0.061433114,0.026133966
0.05914334,0.029504413
0.06509556,0.023243666
0.067556255,0.019904666
0.055303276,0.029833851
0.059853517,0.03299985
0.06887048,0.02630302
0.07717526,0.023725605
0.0671332,0.021825222
0.058717288,0.023052841
0.055171676,0.027695669
0.07142763,0.029254796
0.06863017,0.025192756
0.062163256,0.032760717
0.059918977,0.030820912
0.06418324,0.023011552
0.07307927,0.02694206
0.07472933,0.030184925
0.06814733,0.031928472
0.060156222,0.025686942
0.08568358,0.03626298
0.0851304,0.049415298
0.086203836,0.041846644
0.09594288,0.04428528
0.094183356,0.04385514
0.09520412,0.036187213
0.09477312,0.04084505
0.098219976,0.041873887
0.09675723,0.03498116
0.085248865,0.0456083
0.09114507,0.036984432
0.0937317,0.04363947
0.0822973,0.036788426
0.088472754,0.03727806
0.08425798,0.05398536
0.08865879,0.042552996
0.0964287,0.04424009
0.0920188,0.044029236
0.08391738,0.038618296
0.0815714,0.03927521
0.085353084,0.046225537
0.10224762,0.04241169
0.09590962,0.03932832
0.09880929,0.04670441
0.07321431,0.054241206
0.088024594,0.036726367
0.08969747,0.043888815
0.10106908,0.046066985
0.10288346,0.05241861
0.08890231,0.04174106
0.09826081,0.034981262
0.08423221,0.039587956
0.09145854,0.0342245
0.09595926,0.03655065
0.08045347,0.038218603
0.09958398,0.036872864
0.10068993,0.036281984
0.086316764,0.03166203
0.095225774,0.03325775
0.0873308,0.037890106
0.090338156,0.03567163
0.09251353,0.0351969
0.09337457,0.034324367
0.08965021,0.028300637
0.086688,0.04086426
0.09370189,0.04468773
0.0950644,0.03505758
0.10029741,0.034922116
0.09758508,0.037464652
0.09168006,0.034569472
0.084603,0.034651585
0.09294589,0.040097408
0.090284735,0.038206283
0.09698773,0.040393412
0.09667397,0.045534063
0.09269455,0.035726324
0.09060936,0.03345708
0.090958536,0.038484484
0.099506184,0.0398612
0.089132234,0.038247917
0.067134425,0.008847184
0.06321636,0.012466643
0.073634624,0.011022461
0.07962464,0.012158441
0.06857406,0.01178872
0.079924695,0.00853289
0.072563745,0.009246532
0.072485745,0.010007371
0.074052095,0.008042871
0.06927996,0.011001843
0.071416356,0.010561261
0.07176228,0.0101214405
0.07027712,0.008768206
0.07082166,0.008615363
0.068080224,0.014519413
0.07484209,0.011947625
0.08066259,0.010769805
0.07728403,0.010949182
0.07330516,0.009619028
0.07194286,0.009766461
0.065999396,0.012100341
0.08163267,0.010463383
0.07580694,0.010018853
0.080193445,0.011762562
0.063755296,0.013904058
0.06662267,0.009587164
0.073085845,0.010639006
0.07785028,0.011695059
0.07726508,0.013649708
0.07440063,0.010954445
0.11514503,0.018013785
0.12603658,0.022398438
0.13322018,0.01947214
0.13332088,0.019121671
0.11747852,0.02118815
0.13685036,0.017156685
0.13247228,0.017934335
0.1243954,0.017833982
0.1329579,0.017098391
0.11761573,0.019173644
0.12790278,0.016897636
0.12151731,0.01770975
0.1224214,0.016375765
0.12263414,0.017695034
0.12202779,0.023789164
0.13134111,0.022995962
0.121833846,0.019008195
0.1254976,0.018061686
0.12705176,0.018183248
0.12916507,0.018537292
0.117719516,0.021142269
0.12810871,0.019659692
0.13028473,0.01933274
0.14168902,0.023468727
0.1294311,0.025307182
0.121230565,0.018224051
0.13442044,0.019276254
0.13457946,0.020882072
0.13796,0.021535741
0.12773256,0.020175815
0.20408157,0.2326623
0.24252842,0.21295986
0.23394771,0.21362022
0.22060315,0.20334361
0.20036791,0.21863088
0.2166792,0.21871588
0.2196163,0.22297359
0.21546333,0.20571229
0.22946477,0.22130798
0.21099578,0.20253904
0.22644524,0.21881479
0.21803598,0.21666862
0.20964773,0.2288435
0.219584,0.2436077
0.2219856,0.21250358
0.23949149,0.21218301
0.21675655,0.22111668
0.22608678,0.21094537
0.23312573,0.23322368
0.23065849,0.20584878
0.24550477,0.20744431
0.22281171,0.20385435
0.21192823,0.21436088
0.23187251,0.20937786
0.23881944,0.20153071
0.22686082,0.22581099
0.22599809,0.21990544
0.20460497,0.20302267
0.2200004,0.2013067
0.22513184,0.23772167
0.09966216,0.0472372
0.09623664,0.058905136
0.08809414,0.057459153
0.10677209,0.05760762
0.09345313,0.056897014
0.100517005,0.05358669
0.10236671,0.051787924
0.10522171,0.051579233
0.10794371,0.055781584
0.09001901,0.06023287
0.087079465,0.06583017
0.09180724,0.057842035
0.10294776,0.04777061
0.09609777,0.048343793
0.09930461,0.05852789
0.100037314,0.0573076
0.116724804,0.053125568
0.10465728,0.056153737
0.10352692,0.05336905
0.08910508,0.053970348
0.09922335,0.052751143
0.10805016,0.052978907
0.10392532,0.052177466
0.102004334,0.054422684
0.08478923,0.05832909
0.09754642,0.056356765
0.1029128,0.0516148
0.1039624,0.05719949
0.09743534,0.06186714
0.093292154,0.061922353
0.06085123,0.005484893
0.053158857,0.00839135
0.057077195,0.007337802
0.071020864,0.007889811
0.060167357,0.0076060276
0.068417594,0.005758392
0.064282954,0.005971996
0.06483763,0.006682793
0.061180077,0.00596642
0.059252508,0.007520775
0.05922492,0.0076324986
0.055346776,0.007283011
0.0658231,0.005230427
0.06022614,0.0048835953
0.05584715,0.009156487
0.061723813,0.008519515
0.068538405,0.0065045687
0.06473176,0.0070211114
0.05996597,0.0064061247
0.05602603,0.006937288
0.052910816,0.007697548
0.070491984,0.0070087817
0.06547828,0.0070460453
0.060005832,0.008097345
0.057324026,0.009185132
0.060051743,0.0058441376
0.06454037,0.0062749046
0.0693285,0.008295696
0.06332613,0.009311767
0.0596398,0.0068856813
0.13233003,0.0137958
0.13645494,0.017522637
0.14441268,0.015345183
0.1493873,0.016870312
0.1276107,0.019048013
0.16355461,0.015893372
0.14585829,0.013302221
0.14237207,0.014229233
0.14548016,0.015338002
0.13567021,0.015776807
0.14186533,0.0151996035
0.14659019,0.014257485
0.15095378,0.013598828
0.15321662,0.012718252
0.15165003,0.016809091
0.14796425,0.018952522
0.15557602,0.014604282
0.13366643,0.016330168
0.14,0.0145759955
0.14075713,0.015739614
0.14161296,0.016217306
0.14052893,0.016741179
0.1467425,0.01657083
0.14305854,0.016517136
0.14465636,0.018801304
0.14487383,0.014654349
0.15233846,0.015099892
0.16214351,0.016537031
0.13486339,0.01622101
0.14992753,0.015050734
0.2321136,0.16400832
0.25230122,0.13580392
0.24287756,0.1548079
0.25409243,0.14544445
0.21301503,0.15691984
0.2425261,0.16073504
0.2349707,0.15786132
0.24764884,0.1448168
0.24289119,0.16379283
0.23540759,0.15196402
0.22035648,0.16517036
0.24074839,0.16696244
0.24374194,0.16168748
0.25300676,0.17347336
0.22914766,0.14535442
0.25022903,0.1621523
0.25687185,0.15062283
0.24769327,0.14704962
0.24452981,0.15828922
0.26829976,0.14774002
0.26677853,0.13532414
0.24469258,0.15038736
0.23908186,0.15024701
0.23259939,0.14983213
0.26795503,0.1337317
0.23916535,0.15684098
0.25050294,0.16006523
0.24099682,0.14422297
0.23997779,0.14951994
0.24084245,0.16645421
0.08848185,0.03158904
0.07700185,0.040815726
0.08696059,0.033196468
0.086823575,0.038584203
0.08517556,0.036959995
0.09722908,0.03370364
0.08755325,0.029501647
0.08385799,0.0354799
0.088536136,0.03002209
0.08101029,0.034831814
0.09046428,0.040377002
0.09173195,0.03488933
0.081638135,0.031965595
0.08152282,0.028872479
0.08878707,0.041230798
0.09464244,0.034824274
0.09964719,0.03555362
0.09936357,0.04161447
0.087156706,0.036549352
0.07866918,0.035962436
0.08322807,0.039518744
0.095823936,0.033272106
0.08431735,0.03867738
0.08244597,0.03382351
0.08010065,0.038883887
0.0858709,0.031718895
0.08333092,0.03494975
0.08757754,0.036647525
0.08466719,0.040933635
0.09962435,0.035797603
0.064830676,0.003910003
0.047253996,0.005443755
0.056933083,0.0047600744
0.061196852,0.0045604496
0.04557694,0.005160377
0.06978657,0.0046366495
0.06661996,0.0038771196
0.05918562,0.0042338106
0.05656139,0.0039255726
0.057871506,0.0045364867
0.056214433,0.0054292185
0.05892953,0.004604075
0.0660204,0.0035831477
0.05295086,0.0026440825
0.053465266,0.0060208724
0.062743165,0.0059628976
0.06343753,0.004114401
0.066136174,0.0048849233
0.06221011,0.005035805
0.058627203,0.0051735244
0.048407186,0.0045014853
0.06291383,0.0044702217
0.057972725,0.005436936
0.051925693,0.0049323067
0.06748878,0.006460254
0.062298156,0.00399756
0.05396072,0.0036304784
0.05205109,0.0050895703
0.06215879,0.006039631
0.060210586,0.0042250305
0.15650131,0.031155178
0.15377773,0.035530824
0.1590799,0.034764327
0.16566159,0.031048272
0.12764427,0.041318294
0.17434706,0.039052192
0.17155965,0.03168659
0.1621834,0.03174926
0.1707666,0.03729194
0.14773189,0.035457544
0.14349316,0.035959113
0.15819715,0.03320387
0.16912514,0.030614985
0.1642413,0.030391816
0.16217655,0.03792458
0.15653072,0.039430942
0.17986281,0.03258345
0.14691937,0.036003698
0.15776503,0.03433505
0.1561555,0.036570754
0.15672623,0.033406418
0.16064712,0.03591035
0.16392928,0.03683684
0.16097735,0.034068957
0.16659497,0.040553328
0.1646462,0.03275496
0.17064056,0.032109093
0.17083682,0.035670675
0.15737799,0.0376507
0.15887107,0.036343426
0.12747073,0.046910632
0.1161419,0.05237875
0.12951255,0.045928113
0.1161738,0.039843097
0.11350439,0.049047
0.12908824,0.05012423
0.1324772,0.042090118
0.12682521,0.045855798
0.12907457,0.05028509
0.11809267,0.046201304
0.122711524,0.048465602
0.11389225,0.046703067
0.12308689,0.041259266
0.10873692,0.03948705
0.11803694,0.050332528
0.13160628,0.04949696
0.12238774,0.04201061
0.12560166,0.047903735
0.120537035,0.052778956
0.1279325,0.05286668
0.11072916,0.04702772
0.116991304,0.041956253
0.12262707,0.050437342
0.1108905,0.05138049
0.14441457,0.051416647
0.12748116,0.040056508
0.10817597,0.042548023
0.11351245,0.04867112
0.13356715,0.053174976
0.1221983,0.04444191
0.18872713,0.17319475
0.19701476,0.15691033
0.19161119,0.15581268
0.1981688,0.15438801
0.18667541,0.1736247
0.1814494,0.17255779
0.19321498,0.16273426
0.17992029,0.14945781
0.19590758,0.16641872
0.17921525,0.16095002
0.18524088,0.15265903
0.18255965,0.15909287
0.180535,0.17522103
0.1919694,0.17867906
0.18240106,0.153414
0.19832171,0.1758676
0.18232504,0.16223088
0.19948749,0.1506231
0.18240884,0.17290665
0.19510542,0.15285662
0.19816647,0.15371558
0.1777858,0.16966514
0.18399559,0.16629007
0.18587637,0.17262581
0.21809931,0.15478224
0.19755785,0.16349167
0.19036132,0.1695071
0.18909156,0.16329849
0.19312713,0.16178226
0.19733475,0.17707051
0.032847498,0.00066402345
0.024626255,0.0011933242
0.03029835,0.0010022197
0.034536414,0.00095566997
0.028675746,0.0010878931
0.0353846,0.0007100218
0.034246538,0.0007586657
0.03653314,0.00087712717
0.02850101,0.00075487705
0.031354252,0.0009253636
0.029518656,0.0009903758
0.025636725,0.0009161133
0.038417034,0.0006256815
0.028329212,0.0005274022
0.027251031,0.0013232877
0.03592304,0.0012685673
0.031918388,0.00078304287
0.03268776,0.0008197977
0.032885324,0.00092275103
0.028597485,0.0009931145
0.02366975,0.0010181319
0.031549517,0.0008009162
0.038710736,0.0009097094
0.028470673,0.001136727
0.03283231,0.0013473982
0.029920787,0.00072401523
0.029468033,0.0007413186
0.032068025,0.0012187614
0.03442421,0.0013260386
0.02759855,0.0008417367
0.071534045,0.00028890488
0.061412964,0.0005065268
0.070909396,0.00044233506
0.07445296,0.0003864351
0.060335886,0.00041998184
0.07331586,0.00029381202
0.07221557,0.0003105871
0.072357096,0.00035104717
0.06779538,0.00035636695
0.06763722,0.00040201106
0.0676109,0.000381325
0.0602365,0.00034439485
0.07525994,0.00025497845
0.06276296,0.00024434505
0.06371422,0.0005551235
0.07083765,0.00053362164
0.068409875,0.00038346671
0.06489939,0.00036925136
0.07152185,0.00037842806
0.07508798,0.0003933837
0.057444334,0.00041444768
0.06691794,0.0003616802
0.07798367,0.00040610676
0.07585594,0.0005050231
0.07666831,0.0005863992
0.066917025,0.00036720448
0.065398715,0.00031076424
0.06988659,0.0005032248
0.07506187,0.00048759443
0.061394006,0.00033336776
0.17088287,0.0017032298
0.17861769,0.0025057634
0.19821881,0.0023337365
0.19298406,0.0020993394
0.15244116,0.002153286
0.23004921,0.001975227
0.1915447,0.0018637564
0.20459516,0.002083656
0.19024262,0.0019410104
0.18318747,0.0021126051
0.19424048,0.001804182
0.20054473,0.0018160578
0.18448329,0.0016000111
0.20482628,0.001963562
0.19503659,0.0028096214
0.18978599,0.002396034
0.18268077,0.0024225644
0.15365362,0.0022603676
0.18729974,0.0020761308
0.18771031,0.0021822688
0.18146235,0.0025739805
0.18833674,0.0021440368
0.19322751,0.0026247157
0.21376088,0.002315279
0.17825894,0.0032492823
0.18499462,0.001988335
0.19471557,0.0020353226
0.20804156,0.0025126345
0.17484228,0.0023477136
0.20192285,0.0021150701
0.12167789,0.00032227978
0.10713392,0.00054376374
0.1174425,0.00043606097
0.12062156,0.0003641673
0.09327794,0.0003561825
0.13481428,0.0003551546
0.12217814,0.00033870904
0.11460238,0.00040999072
0.11819482,0.0003723499
0.10187514,0.0003848079
0.12131553,0.0003869667
0.114271626,0.000354231
0.10381586,0.00025846707
0.09762191,0.00028789768
0.114910096,0.00058783655
0.11967906,0.00047763935
0.10418702,0.0004728391
0.10909549,0.0004569675
0.1185282,0.00047221727
0.12011749,0.00042691498
0.0922251,0.00046744698
0.11591824,0.0003630799
0.110888585,0.0005556425
0.12423239,0.00048039088
0.1277,0.0007007622
0.11601823,0.0003787572
0.101975724,0.0003198061
0.1040547,0.0005221803
0.11265142,0.0004967623
0.12346475,0.00036304523
0.13596436,0.0002463047
0.122943036,0.00042016146
0.14118654,0.00036162624
0.12841521,0.00028054244
0.104338825,0.00030391885
0.12665288,0.00027460177
0.12237348,0.00027680083
0.1256832,0.00029268223
0.13198788,0.00036191696
0.11669391,0.0003264622
0.11366224,0.00032682408
0.11063278,0.00023438217
0.12303565,0.00022712412
0.11573965,0.00023086193
0.13699383,0.00039646865
0.12392664,0.00042760393
0.1190609,0.00035992736
0.11162766,0.00031377794
0.13746136,0.00036331182
0.14649616,0.00035578525
0.12277995,0.0003472445
0.10415158,0.00027599736
0.14406042,0.0003933867
0.13478594,0.00037844444
0.14652365,0.0004280107
0.1323737,0.00036179795
0.11767386,0.00025531586
0.11320689,0.0003902949
0.11703419,0.00035272096
0.111437045,0.00027657737
0.13736041,0.00019735655
0.12050733,0.00033824326
0.14582586,0.0003052325
0.12791973,0.00025116524
0.11120015,0.00022648058
0.14669567,0.0002272437
0.12445419,0.00022197845
0.1390727,0.0002737308
0.12915199,0.00025691383
0.13391834,0.0002652136
0.12826905,0.00024689885
0.12958553,0.00021076004
0.12457542,0.00018970006
0.13119248,0.00019817683
0.14093211,0.00035445645
0.12909505,0.00031259557
0.12052782,0.00031712189
0.11433624,0.0002799426
0.13841628,0.00028459934
0.14259659,0.00030059114
0.1221815,0.0003260964
0.117885396,0.00023743983
0.14339307,0.0003561874
0.13656093,0.00031521835
0.13656224,0.00039340602
0.13631003,0.00025840325
0.117268816,0.00022062466
0.12284534,0.00033141446
0.1153232,0.00029899768
0.13152394,0.0002113434
0.18624966,0.00048789478
0.15574838,0.0006851563
0.17431825,0.00066369545
0.17753418,0.0006060183
0.14740734,0.00051407504
0.17943396,0.0005524113
0.1592474,0.00057924836
0.15929355,0.0006116664
0.1727817,0.0006506224
0.1624423,0.0006525528
0.15475002,0.0005692716
0.16319807,0.0004956999
0.1561263,0.00046719128
0.16439019,0.000539726
0.17425396,0.0007967076
0.16294187,0.00078672153
0.1587769,0.0007865765
0.1563326,0.00065353175
0.17614284,0.00067155465
0.18577854,0.0006124043
0.1469363,0.0006898219
0.16065064,0.0006284923
0.1777233,0.0008187559
0.18602528,0.00072333147
0.18186267,0.0009033801
0.16958119,0.0006525674
0.17352845,0.0005732368
0.1742903,0.0007955484
0.15407974,0.00069627014
0.16457605,0.00058477005
0.14374258,0.0002686808
0.11530389,0.00041888928
0.13640845,0.00037527757
0.13677737,0.00034016717
0.10236603,0.0002938868
0.15727691,0.00032105125
0.12804694,0.0003091882
0.12500313,0.00034022945
0.13401507,0.00034048516
0.124338895,0.00034731466
0.12963401,0.0003294233
0.13876696,0.00026427262
0.12933005,0.00025686756
0.13124382,0.00025525526
0.1418539,0.00045810058
0.13785194,0.00041929918
0.12918456,0.00044573014
0.12309232,0.00039327008
0.14540415,0.00038307448
0.13858393,0.00035704058
0.11833253,0.00039320675
0.12645127,0.00033745109
0.12992616,0.00049565715
0.1512652,0.0003478747
0.14008385,0.00052126526
0.14030552,0.00036412862
0.12439598,0.00028287157
0.12802725,0.00043379003
0.11621731,0.00036764104
0.14088982,0.0003212279
0.16301818,0.00025993277
0.14949323,0.00041123707
0.15571725,0.00035229317
0.15579161,0.00031007113
0.15324253,0.00026785745
0.14685497,0.0002804566
0.14258973,0.00029317796
0.14205748,0.00034791583
0.15430398,0.00035353177
0.14592198,0.0003371761
0.14841825,0.00031419762
0.13486254,0.00027299114
0.1351144,0.00023302298
0.13549706,0.00026321397
0.15330835,0.00042694146
0.14858058,0.00041834495
0.13091308,0.00039439645
0.14702797,0.00034724319
0.14914161,0.00035541286
0.1666619,0.00036394468
0.13037178,0.00038902546
0.14167799,0.00030304852
0.15394981,0.0004265491
0.15171419,0.0004271413
0.17199914,0.00047136194
0.15610471,0.00033086198
0.14720573,0.00029352668
0.14270946,0.00042770072
0.1478909,0.00037637787
0.14939888,0.00026017925
0.23897779,0.0012698445
0.19199112,0.0014024529
0.20895833,0.0014006204
0.20920756,0.001332225
0.20424105,0.0011430767
0.19043092,0.0013405719
0.18689655,0.0013567099
0.18297166,0.0013341245
0.19957988,0.0016831845
0.2002603,0.0014229728
0.19085304,0.0012222648
0.18876795,0.0011172242
0.18773443,0.0013189851
0.19100581,0.0012342617
0.20603736,0.0013414556
0.20008986,0.0018674149
0.17843597,0.0016432708
0.20301767,0.0013916198
0.20634484,0.0016202304
0.2374539,0.0014094333
0.18381855,0.0014034798
0.16694377,0.0014158504
0.2086408,0.0017645285
0.19310264,0.0016630312
0.25301453,0.0015516763
0.2154895,0.0015635303
0.19210212,0.0013278705
0.19549747,0.0016462463
0.192434,0.001422609
0.1942777,0.0012383296
0.15635467,0.00041979773
0.13496336,0.0006121402
0.15150824,0.0005252693
0.14019321,0.0005020763
0.13291599,0.00043614476
0.15608002,0.00047980485
0.1461207,0.00048131956
0.14875542,0.00055176276
0.13718237,0.0005016645
0.14957379,0.000505651
0.14392859,0.0004803485
0.1464342,0.00045754766
0.13813902,0.00042761737
0.1389868,0.0003845851
0.14174981,0.00066472223
0.14635646,0.0005777169
0.13313699,0.0006221505
0.14032897,0.0006097941
0.14575438,0.00059595634
0.1495881,0.0006154405
0.13292257,0.00059206376
0.13253152,0.00048671168
0.14464699,0.0007084675
0.13715154,0.00053979235
0.1555156,0.0007051243
0.15111586,0.00053354993
0.12854531,0.00043760194
0.13234612,0.00059522834
0.14193176,0.0005895624
0.14427757,0.00041850217
0.22069968,0.0015026869
0.19769558,0.001767125
0.22485217,0.002030787
0.20927371,0.001991013
0.20229748,0.0016248627
0.19963373,0.001598503
0.1798756,0.0018048778
0.19658442,0.0018492048
0.20969075,0.0021318863
0.20754585,0.0019102643
0.18947253,0.0018664579
0.2036346,0.0015086815
0.19675408,0.0016413742
0.20026585,0.0017862517
0.22704564,0.0019076957
0.20427197,0.0020968206
0.2126555,0.0022145228
0.20670114,0.0020706179
0.22478275,0.0020282392
0.24477421,0.0019347055
0.20502837,0.0019151078
0.19387025,0.0017238107
0.22909158,0.0020479837
0.21285278,0.001953863
0.21885818,0.0018928138
0.20768717,0.0021052035
0.20597441,0.0018539177
0.20772877,0.002055358
0.19107004,0.0019029104
0.19875322,0.0016737473
0.123752914,0.00011850479
0.12698732,0.00021250849
0.11730592,0.00017531376
0.13732597,0.0001864996
0.13386455,0.00016151098
0.123316705,0.00013560895
0.12773032,0.00015840979
0.12373755,0.00017701364
0.12414802,0.00015766942
0.116633,0.00017140819
0.12553872,0.00016266179
0.11075666,0.00015730661
0.116586685,0.00011430798
0.11680872,0.00012313035
0.11797453,0.0002376858
0.12391911,0.00020408169
0.114995286,0.00020486854
0.12114521,0.00019258671
0.11500157,0.00017360371
0.118994854,0.00018274554
0.10692478,0.0002043348
0.1310489,0.00017046496
0.120804355,0.00020086048
0.12936312,0.00019974093
0.118305095,0.00025973507
0.12029352,0.00019032891
0.12556915,0.0001441838
0.123631164,0.00022249017
0.12864372,0.00020435314
0.12379239,0.00014328459
0.08139816,1.503302e-05
0.08383153,3.055836e-05
0.078352965,2.2166134e-05
0.09321746,2.4843583e-05
0.089306496,2.210207e-05
0.08681975,1.64525e-05
0.08850298,2.0473963e-05
0.08784879,2.3911898e-05
0.07852626,1.6845692e-05
0.08381536,2.01788e-05
0.08942971,2.383115e-05
0.08030563,2.2967906e-05
0.08307248,1.5149419e-05
0.08371635,1.3288699e-05
0.07659799,3.6904155e-05
0.084569186,2.7961063e-05
0.07895765,2.691899e-05
0.0843232,2.456774e-05
0.0807478,2.1839582e-05
0.0819391,2.627733e-05
0.079562105,2.678629e-05
0.097039826,2.2051772e-05
0.0804763,2.443076e-05
0.08265574,2.5617766e-05
0.07514821,3.854136e-05
0.07993753,2.5821146e-05
0.078682035,1.6524158e-05
0.0795118,2.8108587e-05
0.087629594,2.6856298e-05
0.08510431,1.6545619e-05
0.24081185,0.00038436317
0.2516921,0.000502668
0.2325121,0.00042238884
0.24044652,0.00044361237
0.23746976,0.00045802092
0.21603082,0.0004383883
0.22837101,0.00047172088
0.2070328,0.00043818777
0.24548249,0.0005692871
0.20801662,0.00043393995
0.23103069,0.00045610548
0.22348867,0.000374717
0.22593111,0.00040506534
0.21881077,0.00039951614
0.25143927,0.0004752598
0.23074432,0.0005612117
0.22070885,0.0005790397
0.23337092,0.0005228534
0.23140804,0.000482969
0.24531594,0.00053488044
0.2323524,0.0004797859
0.21916379,0.00047421534
0.22367391,0.0005536706
0.22810222,0.00047447853
0.2568405,0.0005517517
0.24908096,0.00062148017
0.2428193,0.00040719353
0.22787413,0.00051718595
0.2261977,0.00043092357
0.24139662,0.0003949286
0.17964435,0.00035614244
0.18156292,0.0005173644
0.17179197,0.00045501435
0.16821091,0.00044436238
0.185651,0.00038853585
0.17615321,0.00039074876
0.17216986,0.00045901482
0.18358213,0.00050439505
0.17222515,0.0005008426
0.18386298,0.0004595268
0.17754738,0.0004552569
0.16004014,0.00044028254
0.18054545,0.00037417904
0.17148301,0.0003512601
0.17589238,0.0005423749
0.17222159,0.00051975006
0.16594975,0.0005416656
0.16683835,0.00050309044
0.1774744,0.00044909448
0.1694048,0.00058895134
0.16812913,0.0005224168
0.17141369,0.000425694
0.17722541,0.00052423176
0.1648926,0.0004859452
0.18195906,0.0005680889
0.18307608,0.00050100166
0.17913094,0.00037410433
0.17307688,0.0005079993
0.18031415,0.0004870751
0.16696215,0.00035446134
0.30032358,0.015253435
0.31866443,0.013237015
0.31071705,0.018372815
0.3077871,0.018069679
0.31672704,0.013884472
0.28881404,0.016709246
0.29803786,0.018689955
0.32221642,0.017094705
0.30930614,0.018821996
0.3137814,0.017040053
0.3017276,0.015569001
0.32480744,0.016122641
0.29148245,0.016941568
0.3150133,0.019096801
0.31040627,0.014474805
0.30199602,0.0151456585
0.30487648,0.019893052
0.30707353,0.019454278
0.30666783,0.018017605
0.32446226,0.017180251
0.32301503,0.014963761
0.3022227,0.016173657
0.30109262,0.018217519
0.32001603,0.016417887
0.3071845,0.014312442
0.30214462,0.01890688
0.29704228,0.016628245
0.3116503,0.017285638
0.3043021,0.015352556
0.31716824,0.016072819
0.14139825,0.0008124727
0.1212421,0.0012180876
0.12109384,0.0011695499
0.1280777,0.0012631387
0.13041735,0.0010051826
0.129528,0.0009774291
0.12322255,0.0010615108
0.13607076,0.0010925047
0.12281649,0.0012226409
0.1307697,0.0011965557
0.12301569,0.001102326
0.1191039,0.0009999941
0.13699006,0.0009141015
0.12952273,0.00076378306
0.1289439,0.0011598577
0.13119733,0.0012845118
0.12775223,0.0012207173
0.12559968,0.001217157
0.13078739,0.0011896318
0.11717423,0.0012480774
0.11696933,0.001150871
0.11184133,0.0011507121
0.1333857,0.001307883
0.12544185,0.001190381
0.12628537,0.0012368844
0.1373653,0.0012168416
0.12659156,0.00090904644
0.12942915,0.001322191
0.122000724,0.0011462993
0.11990838,0.0009425725
0.076617725,3.3624165e-05
0.068127446,6.945127e-05
0.06928689,5.653906e-05
0.07868122,6.3596985e-05
0.08097896,5.0934064e-05
0.07361078,3.929017e-05
0.07147511,4.9031183e-05
0.07863274,5.6474717e-05
0.06859724,4.7572736e-05
0.07451245,5.279738e-05
0.07346322,5.693283e-05
0.06341464,5.167561e-05
0.076474756,3.5720885e-05
0.07234817,3.1702202e-05
0.07034659,7.651223e-05
0.073180065,6.815704e-05
0.07282564,6.304707e-05
0.073214754,5.789108e-05
0.07026944,5.3279848e-05
0.06779504,6.309073e-05
0.06357575,6.35757e-05
0.07300718,5.2723168e-05
0.07750574,6.1660656e-05
0.07210089,6.401823e-05
0.068458706,7.9104466e-05
0.07332304,5.5363394e-05
0.070917994,4.1036034e-05
0.07389828,7.325156e-05
0.07322888,6.5752065e-05
0.07105211,4.0155835e-05
0.2461572,0.0015983059
0.26656452,0.0018195256
0.25286475,0.0017139332
0.2660095,0.0019714518
0.25407162,0.0018380142
0.26013136,0.0019466145
0.27660343,0.0021936847
0.25631374,0.0018800176
0.27609584,0.0020553852
0.24316455,0.001837673
0.25420055,0.0017667977
0.28437504,0.0017215703
0.24719952,0.001761717
0.25803706,0.0019680697
0.26312834,0.0021821454
0.24421063,0.001872846
0.26110566,0.002609672
0.25522566,0.0024663869
0.24356437,0.0020311214
0.24890012,0.0021844243
0.2668543,0.0019208861
0.27025282,0.0020508266
0.25359854,0.0024003317
0.2707049,0.0017065939
0.24677359,0.0022231617
0.258162,0.0023452626
0.26968604,0.0017623083
0.27850264,0.0021120603
0.25789785,0.0019534335
0.26290053,0.001822765
0.19907112,0.0010212517
0.2135143,0.0012494826
0.21444714,0.0012225792
0.20590837,0.0013097448
0.23106956,0.0011729196
0.19389534,0.0010800409
0.21339959,0.0013554054
0.22189549,0.0012444379
0.20143192,0.0012398721
0.22410987,0.0012390711
0.20734002,0.0011474873
0.20384383,0.0011623905
0.19823247,0.0011344927
0.20958547,0.0011466445
0.19544084,0.00134408
0.20348553,0.0013238323
0.19354893,0.0014606634
0.20494807,0.0013813791
0.1943961,0.001331192
0.21987215,0.0015269091
0.22388168,0.0013256131
0.19843633,0.0012055226
0.21802215,0.0013897087
0.1946501,0.0013270311
0.21046337,0.0013190988
0.19968617,0.0014177422
0.1943056,0.0011668191
0.20534505,0.0013349158
0.22803152,0.0013001721
0.19784565,0.0010346668
0.07319166,1.8747794e-05
0.075054474,4.125687e-05
0.06326529,3.240001e-05
0.081619404,3.5808127e-05
0.0854546,3.3503115e-05
0.06622127,2.2834203e-05
0.075210385,2.8461864e-05
0.07811969,3.1075146e-05
0.070979126,2.9492108e-05
0.067872636,3.0770992e-05
0.0732902,3.5141886e-05
0.05863174,3.128006e-05
0.07756107,1.9598323e-05
0.06847089,1.7989609e-05
0.065795824,4.4787896e-05
0.072415195,4.1434138e-05
0.069956854,3.588206e-05
0.0726207,3.2992237e-05
0.06691126,2.9827252e-05
0.06601402,3.816988e-05
0.06405478,3.7364196e-05
0.07300285,3.1129362e-05
0.07560605,3.4752764e-05
0.0738522,3.641476e-05
0.06616895,4.861082e-05
0.069992974,3.807612e-05
0.06939587,2.2638495e-05
0.0716109,4.2331456e-05
0.07602,3.7869566e-05
0.065452926,2.3817996e-05
0.20068425,0.00040047494
0.1996193,0.0005386591
0.180967,0.0005049981
0.1968637,0.0005603144
0.18046455,0.0004885638
0.20100075,0.0004795438
0.18969592,0.0005817522
0.18885796,0.00051887985
0.20172484,0.00064099627
0.18962847,0.0005693964
0.18060985,0.0005460138
0.19068012,0.00048384306
0.21418448,0.00045100073
0.21134919,0.00043376317
0.20753565,0.00061373593
0.18401267,0.00064833154
0.21222906,0.0006882997
0.1846484,0.00059662986
0.20790978,0.0005033027
0.18076178,0.0006207834
0.19202529,0.0005388034
0.19523405,0.00060881156
0.2008789,0.0006084624
0.21300298,0.0004999962
0.1888628,0.00066423015
0.20734607,0.000678417
0.22855523,0.00043646104
0.21836849,0.0005935155
0.1829415,0.00052927516
0.18537216,0.00047649138
0.16698611,0.00037962623
0.18698597,0.0005913929
0.18063466,0.00052598777
0.18221211,0.0005807179
0.19227663,0.0005102883
0.18017356,0.00043360566
0.17721662,0.0005247689
0.18972221,0.0005744918
0.18773936,0.0005262202
0.1737902,0.00052367366
0.18232182,0.00052470365
0.18596792,0.00048393532
0.17112716,0.00041913995
0.17977726,0.00046770324
0.18531373,0.0006666925
0.17831837,0.0005094512
0.19148639,0.0006841211
0.17535895,0.00068092474
0.17303139,0.00052499527
0.17455694,0.00062301
0.18374808,0.0006182433
0.20171894,0.0004946902
0.18290338,0.00058471237
0.18742724,0.0004975783
0.1520249,0.00065536454
0.17746462,0.00060474226
0.18270288,0.00048272804
0.19133654,0.00060288026
0.18234414,0.00058040145
0.1843624,0.0004452246
0.34058914,0.061433185
0.38425264,0.05167255
0.34941608,0.07108789
0.35811514,0.06777554
0.35338733,0.0561678
0.33937848,0.0645235
0.33746916,0.07187448
0.38093743,0.061732695
0.35186005,0.07158376
0.3794994,0.068686165
0.3554269,0.06427343
0.37172276,0.06843094
0.3575167,0.065358825
0.38519594,0.07317389
0.3464962,0.057185017
0.3595444,0.0625963
0.36147472,0.0712112
0.35256213,0.068534695
0.36014894,0.06513736
0.38840237,0.058272675
0.38113847,0.05800853
0.35930207,0.06597541
0.34174922,0.068999425
0.37178326,0.06698087
0.36145365,0.053113997
0.35066065,0.07213997
0.36954513,0.065408446
0.34773508,0.065194845
0.34352598,0.057455074
0.36443156,0.06629129
0.12709817,0.0013553642
0.11779484,0.0019314371
0.11739743,0.0016862304
0.12042962,0.001974367
0.11814174,0.0018244028
0.10830928,0.0016022536
0.12523493,0.001758437
0.12518863,0.0016070182
0.11573227,0.0018233671
0.112748034,0.0018376976
0.11660623,0.0019204409
0.11373064,0.001617101
0.1161852,0.0014981006
0.11551877,0.0014212689
0.106662326,0.001996806
0.12786768,0.0019995377
0.11828138,0.002049647
0.12912227,0.0020199998
0.114969045,0.002161791
0.118510775,0.0020763483
0.11855625,0.0017638828
0.11124498,0.0018356381
0.12694816,0.0021141677
0.11788847,0.0018258579
0.11822451,0.002043847
0.11794838,0.0020232939
0.10493361,0.0015478634
0.11360092,0.002072381
0.12384046,0.001950408
0.10863066,0.0016367643
0.16060552,0.000499352
0.20408776,0.0007802188
0.18400459,0.00069812627
0.201438,0.00077973417
0.18555588,0.0007865791
0.18343493,0.0006043896
0.19453892,0.00076146296
0.20224372,0.0007031916
0.19497178,0.0006544321
0.17493829,0.0007023361
0.18969254,0.000691165
0.18508612,0.00067411823
0.18255477,0.00053138606
0.18783416,0.00069321913
0.17890319,0.00096436706
0.18292661,0.0007366236
0.18883073,0.0009029296
0.17374374,0.0008199024
0.18287791,0.00069479423
0.17859346,0.00081201526
0.1989795,0.0008320847
0.20801336,0.0007251732
0.19423154,0.0008038653
0.20282848,0.00071594166
0.15964565,0.0009499292
0.18095054,0.0008373496
0.1994217,0.0006550449
0.194793,0.0008132286
0.18757491,0.00075801817
0.18116654,0.0006712292
0.1556413,0.0002872416
0.14016098,0.00039587927
0.13618474,0.0003287779
0.14762455,0.0004000789
0.14764704,0.00032399848
0.1380819,0.0003095979
0.13664564,0.0003637123
0.121477775,0.00035169788
0.14564794,0.0003798956
0.13324474,0.00037346277
0.14553866,0.0003921429
0.13285261,0.00033815086
0.13761298,0.00029739056
0.13299718,0.00028297378
0.13734727,0.00043378797
0.14270741,0.00045883897
0.14406037,0.00044898575
0.16105163,0.00040915926
0.15053667,0.0003761065
0.1467233,0.00039574757
0.12792355,0.0003880907
0.15200491,0.00038986283
0.1387238,0.00044247758
0.14305289,0.00039075324
0.14967361,0.00046845333
0.14353539,0.00044591434
0.15220422,0.0003125276
0.14158198,0.00043507776
0.14039369,0.00037756792
0.13817745,0.0003072523
0.11957193,8.143277e-05
0.12877709,0.00015164487
0.11839153,0.00011568634
0.123585805,0.00011558876
0.11948481,0.00011636101
0.1187134,9.1511705e-05
0.12319761,0.00011554546
0.12355885,0.000119934804
0.12542878,0.000122384
0.11316276,0.00011947547
0.122563004,0.00012600067
0.10660755,0.00011102192
0.1265502,8.232969e-05
0.11298845,8.3076615e-05
0.119312055,0.00016309883
0.1193573,0.00014226571
0.12278773,0.00014115525
0.11658342,0.00012873026
0.12560843,0.00011398177
0.1180614,0.00014320892
0.11807639,0.00013300109
0.1283153,0.00010879623
0.12546861,0.0001292885
0.1266939,0.00012549144
0.117931075,0.00016649568
0.12297384,0.00013954316
0.1271712,8.868164e-05
0.115712725,0.00013959174
0.12568723,0.0001300043
0.110733636,9.246996e-05
0.18818337,0.00030587806
0.17615864,0.00039543363
0.1755615,0.00035834438
0.1814975,0.0004354412
0.19136572,0.0003435326
0.18129237,0.0003341906
0.17032617,0.0004152475
0.16784675,0.00040997373
0.17533433,0.00040112087
0.18687984,0.00040066187
0.17789356,0.00038451364
0.18116559,0.00036721706
0.17623226,0.00034437713
0.18873021,0.000338872
0.17863975,0.00046539406
0.16976422,0.00047462506
0.18151706,0.00049807754
0.18795842,0.00044468144
0.18208171,0.0003757068
0.18612178,0.00044701665
0.17078152,0.00043682256
0.18921182,0.00042863234
0.1835244,0.00046620923
0.17463721,0.00041341578
0.17618246,0.000494295
0.17815326,0.0004571074
0.19750759,0.0003637865
0.19625315,0.00044943087
0.17475794,0.00041582604
0.1769408,0.00031984848
0.13179208,9.732121e-05
0.11949279,0.00014876087
0.1284502,0.00012818458
0.122216046,0.0001468544
0.11916934,0.0001258537
0.13055709,0.000109917535
0.11824084,0.00012698634
0.11519312,0.0001306428
0.11977121,0.00013396064
0.12647524,0.00012890149
0.12619966,0.00013676338
0.12092238,0.000110294364
0.13338396,0.00010822124
0.13067804,8.764605e-05
0.13190584,0.00016078235
0.12732846,0.00017248208
0.12802574,0.0001625018
0.12544167,0.0001431737
0.13615437,0.00013335704
0.12695222,0.0001560136
0.12327195,0.00014385753
0.11712851,0.00013694986
0.1274982,0.00015561304
0.13013181,0.00013376331
0.13114648,0.00016928447
0.1272604,0.00016334878
0.12437467,0.00010214155
0.12403281,0.00015485888
0.119599424,0.0001290316
0.12372698,0.00010423838
0.1847912,0.0003040585
0.1899242,0.00039556975
0.20776121,0.00035547945
0.1860527,0.00042968008
0.20005327,0.00034992368
0.20997588,0.0003256733
0.19562991,0.00041511017
0.20257118,0.00041986236
0.18991318,0.00035059717
0.21979643,0.0003710241
0.20469229,0.00036350705
0.21517728,0.00037083408
0.19761725,0.0003525559
0.20701525,0.000346031
0.19311263,0.00052065594
0.1885777,0.00041119588
0.19412963,0.0005041014
0.1925124,0.00046040092
0.19702487,0.00038723866
0.20390181,0.0005017008
0.20088223,0.0004649524
0.2087444,0.0003997074
0.20321395,0.00046499807
0.19485492,0.0003932358
0.1860045,0.0004975881
0.18261649,0.00042844197
0.19565399,0.00035302356
0.20469657,0.00042567696
0.20223615,0.00041839186
0.20367265,0.0003115272
0.21805668,0.0015447888
0.2023319,0.0017613221
0.19561675,0.001671304
0.2068844,0.0018922557
0.20794101,0.0016764667
0.20243569,0.0017985839
0.20071882,0.0018186874
0.18431751,0.0018383275
0.21689928,0.0020181946
0.18106924,0.0017184764
0.20566362,0.0018599107
0.21821557,0.0016153653
0.18932463,0.0016237646
0.19011118,0.001654413
0.21331918,0.0018583916
0.20841585,0.001766342
0.21401747,0.00238677
0.22549808,0.0024348462
0.2040899,0.0020614767
0.20200497,0.0019099504
0.19222245,0.0018010632
0.21880803,0.0018372673
0.19082338,0.0022839939
0.20845525,0.0015266016
0.2037908,0.002035986
0.20960256,0.0022535245
0.20461366,0.0016234778
0.20754375,0.0020190505
0.19641215,0.001836615
0.21973512,0.0017256778
0.1325647,0.0002133478
0.117898956,0.00034275188
0.11262868,0.00025534094
0.11443722,0.00026690072
0.10788865,0.00026210785
0.11513079,0.00025489728
0.12149861,0.00026557772
0.11161901,0.00026066764
0.11633438,0.0003145669
0.10711989,0.0002651241
0.115608774,0.000308398
0.109204076,0.00024026597
0.12101025,0.0002216462
0.103333995,0.00017044626
0.11604152,0.0003130113
0.124140196,0.0003313459
0.117152914,0.00031613023
0.12298266,0.00032084686
0.11893425,0.00032331253
0.116106495,0.00034117728
0.108286165,0.00027476152
0.106589064,0.00026100336
0.10876393,0.00034701565
0.11057975,0.00026243116
0.13180485,0.00034563523
0.13164778,0.00033806174
0.105837144,0.00019734002
0.10127557,0.00030961237
0.11898031,0.00029979265
0.11139664,0.00022294799
0.24537966,0.0015154147
0.27681306,0.0018290848
0.26979998,0.001971691
0.26370153,0.0020627787
0.27524433,0.0018561594
0.24366207,0.001685683
0.25310454,0.0023200854
0.27060702,0.0020199863
0.26216963,0.002206259
0.27773702,0.0020201758
0.25934187,0.0019495181
0.25012594,0.0017690319
0.26595223,0.0017062934
0.2692206,0.002017458
0.26579013,0.0021368414
0.2542016,0.0021603382
0.25796026,0.0023672464
0.24888466,0.0021101073
0.26575705,0.0019028808
0.27428907,0.002426451
0.28019437,0.0021009673
0.25888154,0.001951373
0.27982444,0.0020862909
0.26678395,0.0020908664
0.2637857,0.0020124353
0.2582973,0.0022162842
0.28300697,0.0018588478
0.27411318,0.0021069862
0.26930073,0.0018802761
0.2421016,0.0017088789
0.12775277,0.0002792354
0.11995712,0.00040415718
0.123890966,0.0003399351
0.12910995,0.0004133949
0.13512737,0.00034267185
0.12943207,0.00030633857
0.12979473,0.00036724858
0.12787369,0.00039214702
0.12559173,0.00031621373
0.121427216,0.0003529702
0.13058917,0.00038481652
0.13824433,0.00036049276
0.114615805,0.000305988
0.12090559,0.00030430648
0.11491294,0.00049535057
0.124818146,0.00035508504
0.1353006,0.00049312133
0.14226256,0.00050462596
0.118902035,0.00038895072
0.123527616,0.00042977347
0.11971929,0.00043082045
0.15083522,0.0003564597
0.12486725,0.0004545388
0.122210115,0.00034369607
0.107346304,0.00047548
0.1196239,0.00040921936
0.11665032,0.0003330707
0.12904702,0.00041714753
0.13296579,0.00044258623
0.1328038,0.00030865747
0.17093998,0.0005532567
0.17524478,0.0007133982
0.1691484,0.00062668376
0.17567901,0.0007396913
0.19925211,0.00058652106
0.19450098,0.00061347306
0.18941595,0.0007559302
0.18820125,0.00077258167
0.18759498,0.0006027415
0.18464027,0.0006606118
0.18937322,0.00068127137
0.19385596,0.00073400885
0.1673298,0.00056980306
0.1734153,0.00062581326
0.16514984,0.0009395602
0.16700149,0.0006341808
0.18516605,0.00091097783
0.19349411,0.0009151083
0.16872382,0.0006910151
0.17164466,0.00086815795
0.17283827,0.00078851864
0.21149524,0.0006915798
0.1756911,0.0008612954
0.17074646,0.00065302715
0.15908767,0.0008967197
0.16843934,0.0007325466
0.1807586,0.00062668376
0.18677872,0.00075085147
0.19710846,0.00081563025
0.19221659,0.0005742159
0.15525685,0.00029549556
0.15038523,0.00048473472
0.13634226,0.00039375626
0.14400132,0.00041988658
0.14648761,0.0003827698
0.14753857,0.00035714306
0.14092836,0.0003720373
0.13591342,0.0004028136
0.15555575,0.00045545265
0.13098627,0.00039627383
0.14943674,0.00043766954
0.13952553,0.00035719972
0.14563878,0.00031158898
0.13282727,0.00026815207
0.1569493,0.00045397738
0.14714131,0.000455495
0.15607224,0.00048148748
0.14916913,0.00050151884
0.14998685,0.0004264092
0.1362694,0.00047215683
0.13400118,0.0004357184
0.14349125,0.00039282217
0.13826798,0.00048107342
0.14511687,0.00037539317
0.14664875,0.0005056161
0.16258757,0.00048336823
0.14964077,0.00031086203
0.13638587,0.0004551903
0.14230229,0.00041324476
0.1495832,0.0003257686
0.1879912,0.00035503373
0.22646983,0.0005033531
0.21899489,0.0004120069
0.20531149,0.00046253102
0.22212568,0.00046358068
0.19780768,0.00038812475
0.22092742,0.00047132783
0.2043674,0.0004518694
0.21382068,0.00042750998
0.1987707,0.00039441092
0.21996947,0.00043648912
0.21576886,0.00041316345
0.1948212,0.00037599716
0.19447877,0.0004191897
0.20503458,0.0005660839
0.20771636,0.00045816458
0.19531733,0.0005836049
0.20954303,0.00057114067
0.1882168,0.00049126905
0.22091287,0.0005760706
0.23041686,0.0005188264
0.21899004,0.00041667718
0.2060476,0.0005450179
0.20271105,0.00043644648
0.20527084,0.0005448122
0.20118843,0.0005530698
0.19846064,0.00040371032
0.19515257,0.00048768506
0.22908187,0.00047911453
0.21298708,0.00037238823
0.11754609,5.7843237e-05
0.114849165,0.000105357205
0.10443293,8.508176e-05
0.11150897,8.733719e-05
0.10968803,8.506293e-05
0.112634085,7.141555e-05
0.11134152,7.922888e-05
0.11336871,8.110906e-05
0.10791517,8.965215e-05
0.108330175,8.089424e-05
0.109588444,9.059499e-05
0.10020558,7.634162e-05
0.12161915,6.408408e-05
0.11041554,5.1175502e-05
0.11336087,0.00010080663
0.1092291,0.000110789144
0.11203295,9.9093e-05
0.10784411,8.9148314e-05
0.11449932,8.234312e-05
0.1023451,0.00010442262
0.10814935,9.211556e-05
0.10025896,8.5152205e-05
0.11261971,9.825557e-05
0.11030215,8.7730674e-05
0.112872474,0.00011216092
0.12019737,0.00010672582
0.110155724,6.0963775e-05
0.10564415,9.976512e-05
0.108310975,8.797916e-05
0.1041475,6.6716464e-05
0.16609797,0.000116319185
0.18880506,0.00018232505
0.17551298,0.00014587995
0.18042846,0.00016787749
0.18766187,0.00015537982
0.17796741,0.00013103404
0.18748005,0.0001674278
0.18516096,0.0001681689
0.17605862,0.00014181726
0.18275249,0.00014757186
0.18385313,0.00015419097
0.18661374,0.00015491336
0.17322938,0.00012720328
0.18238714,0.00013302075
0.17118734,0.00021817174
0.1662052,0.00017260728
0.1714532,0.00020571687
0.17102067,0.00018499469
0.16460408,0.00015222972
0.17663571,0.00019838537
0.18424895,0.00018630693
0.19774261,0.00016130153
0.17445122,0.00018421213
0.1774647,0.00016647727
0.15950207,0.00022356892
0.16864032,0.00018614995
0.18063767,0.00013640965
0.1839396,0.00018159358
0.188661,0.00017561225
0.18475816,0.00012737977
0.21250072,0.00033428974
0.2190857,0.00041239828
0.22187187,0.00039993817
0.2124008,0.00045915906
0.22678317,0.00040268022
0.21260476,0.0003633707
0.20651281,0.0004530734
0.21793443,0.00041749424
0.20366362,0.00043051728
0.2371475,0.000417386
0.2138812,0.00039102338
0.2173351,0.00038314055
0.22008817,0.00039773126
0.23457472,0.0003635769
0.21717949,0.0004714381
0.2051854,0.00051645935
0.20814505,0.0005181054
0.20840603,0.0004467521
0.21627495,0.00040823108
0.22599629,0.000517881
0.23084047,0.0004642907
0.20327035,0.00044881203
0.22509345,0.00046874277
0.20729616,0.00043885494
0.21979067,0.00048774667
0.20926449,0.0005217621
0.22358598,0.00038855145
0.22633474,0.00044797276
0.21647896,0.00041890168
0.20824243,0.00034185319
0.12717363,0.000100655714
0.12509614,0.00014388743
0.13199084,0.0001371642
0.12941517,0.0001538451
0.119625255,0.00013498003
0.13298868,0.000110310866
0.12601382,0.00014904128
0.13319294,0.00013915292
0.12239316,0.0001284866
0.135333,0.000138131
0.12031039,0.00014892708
0.12756783,0.00012767757
0.14205745,0.000117606134
0.14010122,0.00010880038
0.12483817,0.00018995744
0.12381655,0.00016549363
0.14107418,0.00018270653
0.12610759,0.00015024471
0.13890485,0.00013014644
0.1297387,0.00017049797
0.13503228,0.0001557682
0.13791403,0.00014178386
0.14024676,0.0001492744
0.14332743,0.00013278655
0.11751579,0.0001749509
0.121827036,0.00017437349
0.13017036,0.0001134989
0.13593668,0.00015528208
0.13254789,0.00015046464
0.12282384,0.00012047813
0.17871143,0.00031259944
0.18584555,0.00039802765
0.20071132,0.00038172308
0.18136711,0.0004259136
0.18649217,0.00038446725
0.19413884,0.00033937878
0.19225162,0.0004293447
0.20069309,0.00040137983
0.18123375,0.00038318697
0.20910664,0.0003874608
0.18680416,0.00037015625
0.20141481,0.00036507525
0.19400243,0.00036770347
0.20014518,0.00032906953
0.18932179,0.00048245478
0.17985958,0.00042353699
0.18973814,0.0004943716
0.1795783,0.00046392748
0.18809272,0.00039551186
0.19414845,0.00051644084
0.20204665,0.0004442802
0.18892005,0.0004049856
0.19835803,0.00045276474
0.18529102,0.0003866481
0.18027788,0.0004729516
0.17983215,0.0004699409
0.18006094,0.00034625077
0.19625296,0.00041306147
0.19775859,0.00042037418
0.18805298,0.00032302077
0.15095589,0.00012990578
0.17165415,0.00021594694
0.15607123,0.00017128106
0.16212152,0.00018390972
0.16408534,0.00018967148
0.1603364,0.00015959979
0.17949083,0.00018514557
0.17991267,0.00018351612
0.15288667,0.00016733061
0.16166852,0.00016885549
0.1631449,0.00016905543
0.16512747,0.00016999764
0.1583287,0.00014333884
0.16894543,0.00013212285
0.15327993,0.00022673338
0.15427582,0.00019651777
0.15197635,0.00021873329
0.147996,0.00021445073
0.14385188,0.00018003504
0.1471905,0.0002295264
0.16841063,0.0002017211
0.15959719,0.0001816625
0.1546568,0.0002136943
0.1603135,0.00018281823
0.14411941,0.00025336718
0.15719499,0.00021557849
0.15212122,0.00014748899
0.16314425,0.00020388351
0.17194504,0.00019942447
0.16054195,0.0001459931
0.072504975,9.1561105e-06
0.07101046,1.7553306e-05
0.07041697,1.32439245e-05
0.074821845,1.4666421e-05
0.07549775,1.3577802e-05
0.07133051,1.0161495e-05
0.07206348,1.32670575e-05
0.0771665,1.475607e-05
0.065802254,1.1039239e-05
0.07448035,1.20255445e-05
0.0738271,1.5473039e-05
0.06695812,1.4031315e-05
0.07970537,1.0165255e-05
0.07486854,8.089037e-06
0.06535658,2.1780615e-05
0.07296695,1.8135006e-05
0.071136154,1.6950584e-05
0.074459255,1.4181487e-05
0.07230341,1.2780988e-05
0.07063742,1.7826462e-05
0.07060977,1.6263883e-05
0.0792338,1.3044768e-05
0.07221319,1.4794382e-05
0.070703134,1.5052744e-05
0.06710373,2.1398759e-05
0.06972182,1.6376565e-05
0.06745933,9.837165e-06
0.070627585,1.7113969e-05
0.075988136,1.5405662e-05
0.07050875,9.836049e-06
0.17207372,9.1710186e-05
0.17138658,0.00013121209
0.16880429,9.8944365e-05
0.1539992,0.00010577295
0.1611374,9.9332916e-05
0.15987287,9.63036e-05
0.15614286,0.00011281039
0.14129238,0.00011683285
0.16801006,0.00012549908
0.15934205,0.00010483878
0.17111355,0.00012582046
0.15198894,0.00010194276
0.16574094,9.357148e-05
0.14927845,8.098486e-05
0.1677732,0.00014583433
0.16289444,0.00013978235
0.16076058,0.00013822442
0.1702192,0.00012208759
0.17763972,0.000115754534
0.16846316,0.00015133026
0.1521562,0.00012743918
0.1673149,0.000109687295
0.15293276,0.00013390445
0.15861517,0.00011755826
0.18180689,0.00015779938
0.16800663,0.00014374412
0.16775219,8.5700114e-05
0.1493128,0.00012510813
0.16493133,0.00011327768
0.16554178,8.317808e-05
0.11725696,3.0640567e-05
0.11243808,4.968496e-05
0.12089603,3.944883e-05
0.10336646,4.29151e-05
0.11843766,3.7251128e-05
0.10914089,3.2381664e-05
0.10226918,3.8495073e-05
0.10393817,4.5611196e-05
0.103107005,3.882711e-05
0.12242129,3.860735e-05
0.11657401,4.5993424e-05
0.10088023,3.906075e-05
0.11574016,3.361759e-05
0.11574246,2.6673593e-05
0.1142683,5.597085e-05
0.11112477,5.4382373e-05
0.109899454,4.973687e-05
0.11766438,4.275387e-05
0.11940482,4.0175793e-05
0.11732977,5.6075613e-05
0.11030043,5.0698065e-05
0.10978258,3.9238832e-05
0.114037305,4.805707e-05
0.10323384,4.7179452e-05
0.121271126,5.6911274e-05
0.110690325,4.9389524e-05
0.110725895,3.1573913e-05
0.10127579,4.9105583e-05
0.110251464,4.3579374e-05
0.11126605,2.7679522e-05
0.17859575,0.00015848533
0.20676626,0.0002521877
0.18368998,0.0002075476
0.20275958,0.00023352228
0.2068083,0.0002222989
0.18934758,0.00018343635
0.19618636,0.00022535164
0.1988731,0.00023278868
0.19791923,0.00021203894
0.18694258,0.00021468212
0.18724321,0.00020967526
0.20146373,0.00020699974
0.18050618,0.00017819805
0.19571443,0.00019304467
0.19580731,0.00028670699
0.17927852,0.00023434462
0.19547871,0.0002969466
0.18228051,0.00026681396
0.17290401,0.00020457851
0.18571761,0.00025683866
0.19621548,0.00025572805
0.21468899,0.00022190565
0.18996225,0.0002451221
0.19744805,0.00021861673
0.16388007,0.00030349955
0.18540736,0.0002688158
0.20076032,0.00020129685
0.20964338,0.00025381785
0.19674286,0.0002538936
0.19933924,0.00018806638
0.2565252,0.0019945921
0.25052845,0.0019886703
0.252177,0.0021136105
0.24396737,0.0023304306
0.27309984,0.0018355016
0.25507334,0.002137308
0.24418755,0.002495721
0.25154766,0.0023985808
0.25133747,0.0024168417
0.26780212,0.0021802045
0.25500658,0.002079748
0.2610868,0.002152994
0.25007942,0.002231941
0.25516772,0.0020616092
0.25636673,0.0022106017
0.2477059,0.0023053521
0.24532323,0.002661424
0.2555521,0.0026234775
0.2525006,0.0023213276
0.26114354,0.0026995004
0.25403437,0.0023091708
0.24461119,0.0022150404
0.24462472,0.0025978955
0.23821841,0.002133778
0.26543477,0.002316998
0.251708,0.002600474
0.25264636,0.0020580618
0.25912136,0.002264333
0.25954288,0.0021630712
0.2596321,0.0018868644
0.12869304,0.0001471701
0.12746325,0.000244511
0.12049235,0.000193673
0.12563923,0.0002159937
0.13717231,0.00019394519
0.117894806,0.00016550641
0.12315232,0.00018569364
0.1223285,0.00021269481
0.121446416,0.00019897016
0.11582175,0.00019254448
0.12507975,0.00021083199
0.117606446,0.00018621208
0.11853409,0.00015762192
0.1154558,0.00014077955
0.12118101,0.0002454329
0.12507474,0.00022637006
0.12276775,0.00024523409
0.13050452,0.00024808504
0.11578903,0.00021368879
0.12214896,0.00024092456
0.115853764,0.00022733082
0.12483611,0.00018775034
0.12156328,0.00023539198
0.11734806,0.00020530893
0.121332884,0.00025648848
0.12569773,0.0002414606
0.11631421,0.00016671237
0.11794512,0.00023731308
0.12957196,0.00023093986
0.12484599,0.00015667416
0.06779977,1.0383939e-05
0.06937014,2.232616e-05
0.060662273,1.6072352e-05
0.071608946,1.6899176e-05
0.073258646,1.6456299e-05
0.06786292,1.2284015e-05
0.072990075,1.5002084e-05
0.08144711,1.7020771e-05
0.06234706,1.3754486e-05
0.066384494,1.4872071e-05
0.07093021,1.7471757e-05
0.059655204,1.7367498e-05
0.07612777,1.03710845e-05
0.065250956,9.028011e-06
0.06016871,2.5358755e-05
0.06901371,2.1120517e-05
0.06423662,1.853735e-05
0.068017505,1.6973408e-05
0.06441557,1.5656726e-05
0.06262056,2.2438668e-05
0.06027167,1.8750083e-05
0.07178639,1.4643962e-05
0.07358183,1.807823e-05
0.062583394,1.8899987e-05
0.064207785,2.7482281e-05
0.06554406,1.7632598e-05
0.062860504,1.148282e-05
0.06588281,2.1671423e-05
0.073761806,2.0401652e-05
0.06235778,1.0801055e-05
0.08603894,1.2223471e-05
0.09547925,2.5702873e-05
0.08098042,1.802923e-05
0.092482544,1.8690545e-05
0.094446056,1.8989853e-05
0.08505141,1.385529e-05
0.0941511,1.6790518e-05
0.0972492,1.9003783e-05
0.08407007,1.564801e-05
0.085007496,1.6780688e-05
0.09431188,1.9388777e-05
0.07971633,1.9178144e-05
0.09241416,1.1939771e-05
0.08316861,1.0534494e-05
0.08114342,2.823351e-05
0.08490543,2.3066768e-05
0.08411085,2.1342448e-05
0.08421519,1.9343732e-05
0.08261262,1.6984855e-05
0.08300503,2.3989307e-05
0.08261807,2.1273036e-05
0.09558631,1.727417e-05
0.08799176,1.9987014e-05
0.08748709,2.1680065e-05
0.08224925,3.0910072e-05
0.08660294,2.1336242e-05
0.08259486,1.2744329e-05
0.083502054,2.3148194e-05
0.09670444,2.1776856e-05
0.08455944,1.2436982e-05
0.15393732,7.215553e-05
0.18497042,0.00013607967
0.15749802,0.000105467065
0.16313484,0.00010015947
0.17082201,0.00011008065
0.14988625,8.585898e-05
0.16088684,9.593532e-05
0.16565746,0.000104875675
0.1663299,0.00011686027
0.15047365,9.823364e-05
0.15747207,0.00010903105
0.14327669,9.031388e-05
0.16094145,7.5104545e-05
0.1587261,7.081253e-05
0.17563665,0.00012197577
0.15251659,0.00012391362
0.15773387,0.00012158024
0.14607668,0.00011401296
0.1526762,9.512929e-05
0.1523463,0.00013020527
0.1693585,0.00011604188
0.15048239,9.778952e-05
0.16329347,0.00011068271
0.15684102,0.000110634166
0.1529997,0.00013572795
0.17348708,0.00013353494
0.16879007,7.912265e-05
0.15692101,0.0001157254
0.1574323,0.00010673254
0.15611722,7.553045e-05
0.1838604,0.00016420361
0.20615134,0.00022698363
0.20511143,0.00020002855
0.19208927,0.00022274614
0.1959101,0.00021211496
0.19338976,0.00017579853
0.1973339,0.00023066589
0.2025122,0.0002160355
0.18869707,0.00019895725
0.20848584,0.00020081739
0.19459875,0.00021069974
0.20217751,0.00020129647
0.19736134,0.00018667945
0.20707913,0.00018829589
0.1937126,0.00027643662
0.18130505,0.00024023622
0.19159539,0.00027675254
0.18286608,0.00023689237
0.19187129,0.00020696444
0.20533274,0.00026985558
0.2168861,0.00024833684
0.20638697,0.00021141433
0.20402773,0.00023845486
0.19384117,0.00021529112
0.18321867,0.0002736786
0.18421423,0.00026906017
0.19726597,0.0001864059
0.19953705,0.0002299428
0.20041293,0.00023035226
0.19056298,0.00017626867
0.15427743,0.00014708593
0.16376315,0.00024652036
0.14927056,0.00019020864
0.15108065,0.00020257938
0.16965422,0.00018063048
0.15020923,0.00016321053
0.14723545,0.00017942204
0.14426826,0.00021600831
0.15776998,0.00020510485
0.14201148,0.00018395393
0.16202511,0.00021018168
0.14428777,0.0001825686
0.1464014,0.00015153342
0.13861574,0.00014108555
0.16053231,0.00023820784
0.1536802,0.00021670743
0.15015484,0.0002405339
0.15926439,0.00024154373
0.14852165,0.0002018067
0.1466604,0.00024350737
0.1403143,0.00023190521
0.1612288,0.00018019561
0.14349487,0.00023048936
0.14481795,0.00020224648
0.1536953,0.0002594267
0.16278918,0.00023357084
0.15334088,0.000161664
0.14389043,0.0002274531
0.15391627,0.00020975646
0.16489495,0.0001466522
0.12648869,4.9560884e-05
0.13310471,9.16462e-05
0.12552631,6.71526e-05
0.12164834,7.019219e-05
0.12020416,7.183176e-05
0.12996311,5.9919974e-05
0.12869734,6.36913e-05
0.12716065,7.069075e-05
0.12084012,6.9096066e-05
0.120851636,6.197598e-05
0.13117395,7.340379e-05
0.12609737,6.0566377e-05
0.13080214,5.309497e-05
0.12590711,4.2332387e-05
0.13482392,8.7150256e-05
0.12787253,8.369669e-05
0.12424128,8.349548e-05
0.11818046,8.137782e-05
0.124932475,7.081571e-05
0.12138981,8.8743815e-05
0.12964359,7.820248e-05
0.118408374,6.579164e-05
0.11959793,8.462241e-05
0.12290949,6.8058966e-05
0.124326035,9.7116616e-05
0.1343291,8.803564e-05
0.1176624,4.976073e-05
0.11479957,7.92836e-05
0.12181567,7.375258e-05
0.1288456,5.1924922e-05
0.23858693,0.0013316674
0.24228804,0.0014200724
0.25508058,0.0014312951
0.23742121,0.0016733356
0.26708084,0.001403395
0.2620096,0.0015120325
0.24710876,0.0016854567
0.2614559,0.0017102682
0.24652985,0.0015330316
0.27352214,0.0014591501
0.2492302,0.0013346646
0.28688484,0.0015261743
0.2449767,0.0016025276
0.26227304,0.0014819263
0.263197,0.0016559929
0.23557429,0.0014182491
0.24501409,0.0019677614
0.24057926,0.0020789504
0.2321959,0.0015498741
0.24747802,0.0019174847
0.26305044,0.0016980019
0.24557735,0.001516174
0.24236709,0.0019002417
0.22606519,0.001353769
0.23822305,0.0017154238
0.24703799,0.0017482792
0.24383032,0.001512545
0.2688961,0.0015479178
0.24677968,0.0016011968
0.26904467,0.0012793081
0.2526763,0.0047234506
0.24981852,0.004185496
0.24965703,0.0049339733
0.24638465,0.005048922
0.23403016,0.0044716285
0.23559876,0.0048060725
0.24793614,0.0058080773
0.2392281,0.0048775855
0.24497207,0.0055047693
0.24579878,0.0050501893
0.2322816,0.005148838
0.24052121,0.004814685
0.24198021,0.004854019
0.23742126,0.005038052
0.2237317,0.0048725866
0.25309733,0.005200578
0.24676743,0.0059996354
0.2640845,0.005573703
0.25420344,0.0059075225
0.27334186,0.005444008
0.24730082,0.0043919194
0.24528438,0.005010094
0.24371155,0.0057136687
0.24773197,0.004671422
0.27367607,0.0045374557
0.23434578,0.006387071
0.2396434,0.0045100003
0.22372994,0.005226319
0.269993,0.0048233066
0.23936744,0.0048715393
0.12000285,0.00011100042
0.12691794,0.00018921429
0.11870308,0.00015289513
0.12924676,0.0001768817
0.13219118,0.0001585547
0.124918185,0.00013385441
0.13308601,0.00015859492
0.13223723,0.00016608012
0.11732361,0.0001405534
0.12539567,0.0001534093
0.1288202,0.00015561868
0.1200572,0.00015394886
0.12236608,0.0001212356
0.1252998,0.00011336759
0.11298317,0.00022061498
0.12561424,0.0001807397
0.11958801,0.00019667747
0.124837905,0.00018624902
0.11637353,0.00015834892
0.11239465,0.00019376517
0.11783528,0.00019028882
0.12792817,0.00016375798
0.121134266,0.00019213204
0.12134593,0.00016713767
0.11332046,0.00022566752
0.11937074,0.0001824153
0.119159125,0.0001304302
0.12273541,0.00019066785
0.13130315,0.00018166735
0.12400466,0.00012870975
0.19912837,0.0005152733
0.19208224,0.00060681585
0.21465683,0.0006166473
0.19347177,0.00074572896
0.1952786,0.0005897015
0.21964312,0.00056807697
0.18855773,0.00069335557
0.20248598,0.0006766784
0.1983175,0.00063463603
0.22071184,0.0006449033
0.20568494,0.00063150644
0.22247504,0.00058875437
0.21289846,0.0006114499
0.21781142,0.00057690917
0.21301886,0.0007858299
0.19889621,0.00069497543
0.2170138,0.0008348957
0.20220311,0.0007811446
0.22116458,0.00064169825
0.21496777,0.0008040243
0.21232906,0.00074392965
0.20931399,0.00067031884
0.21665147,0.00076629024
0.20475724,0.0005956653
0.1964541,0.0007514699
0.20034207,0.00075140875
0.2099968,0.00060188095
0.21341103,0.0006672016
0.19629987,0.0006543164
0.20755361,0.00053061347
0.15758339,0.00015982718
0.16603494,0.00023337071
0.14882475,0.00018533597
0.15880434,0.00020922333
0.16659094,0.0002044769
0.1429451,0.00018058383
0.16548967,0.00020875686
0.14464203,0.0002048963
0.15451936,0.00020767507
0.14297767,0.0001910593
0.16123523,0.00020695358
0.15106928,0.00019216702
0.14921898,0.00016272337
0.14237049,0.00015591382
0.14387584,0.00025428727
0.15687804,0.00024392725
0.14574815,0.00025648382
0.16655304,0.0002478737
0.14304858,0.00022045075
0.1593523,0.00025401855
0.14761543,0.0002203917
0.15960191,0.00020982788
0.14476605,0.0002512474
0.15678881,0.00021692799
0.16209508,0.00027423154
0.15066563,0.00025756744
0.14682399,0.00017100203
0.14890973,0.00024096317
0.17587394,0.0002253379
0.1562838,0.00016957268
0.20769528,0.0015390114
0.18951426,0.0015785333
0.1979253,0.0018065142
0.20422673,0.0021672526
0.20690571,0.0015080975
0.21531393,0.0017002239
0.18524924,0.0020835954
0.20280549,0.0020425634
0.20532699,0.0017798108
0.21642956,0.0019340052
0.19716685,0.0019238128
0.22606596,0.0018434128
0.20184587,0.0017319854
0.21586478,0.0019006551
0.20414956,0.0021227065
0.191909,0.0017681563
0.23321126,0.0024711217
0.22466516,0.002411323
0.2221858,0.0018457
0.2109008,0.0020847863
0.20334816,0.0020028234
0.2327352,0.0018733427
0.21088591,0.0022396476
0.20338355,0.0015894823
0.18526368,0.001992501
0.20145513,0.00208834
0.22172235,0.0018553672
0.22318353,0.001917104
0.19331202,0.0020113268
0.211912,0.0016722414
0.2040181,0.0013656709
0.18996185,0.0013692968
0.205072,0.0015133268
0.19990046,0.0018941008
0.18473645,0.0014398416
0.21093279,0.0014854888
0.18969181,0.0017746201
0.17737085,0.0015901377
0.19650851,0.0015416215
0.20012231,0.0016026023
0.20415668,0.0015807947
0.2190316,0.0014186477
0.20278709,0.0015307793
0.20738314,0.001506041
0.19884832,0.0019043474
0.20779464,0.001757346
0.21688977,0.0021925797
0.22211061,0.0020506966
0.2205525,0.0017956285
0.21527436,0.0017483765
0.19893159,0.0016715705
0.21636929,0.0017718915
0.1996926,0.0020406079
0.21035801,0.0013750741
0.20611098,0.0017305219
0.19324447,0.0019676285
0.20543154,0.0014864419
0.20350297,0.001719844
0.19850598,0.0015828741
0.2078254,0.0015379464
0.103937,5.134752e-05
0.10434367,9.5618845e-05
0.1070476,6.832546e-05
0.10143753,7.906314e-05
0.099951684,7.4380965e-05
0.10723142,6.0834853e-05
0.10732002,6.368243e-05
0.10192749,7.256465e-05
0.09727929,6.371949e-05
0.099117704,6.345692e-05
0.11480223,7.533803e-05
0.10745794,6.160007e-05
0.10448548,5.530087e-05
0.10060628,4.2689666e-05
0.104725435,9.868731e-05
0.11486184,8.6262e-05
0.10072331,8.552802e-05
0.106719755,8.8321365e-05
0.103578314,7.69415e-05
0.101283215,9.194223e-05
0.1030298,8.391894e-05
0.09788504,7.017572e-05
0.09678292,9.233462e-05
0.10482339,7.4473515e-05
0.104013085,0.00010079394
0.1062346,8.453619e-05
0.08966795,5.3416654e-05
0.09045154,8.3744824e-05
0.10332887,7.6482174e-05
0.10968787,5.288844e-05
0.13325581,4.7586484e-05
0.1535486,8.25565e-05
0.13836825,7.042586e-05
0.15487503,7.999832e-05
0.1546077,7.181087e-05
0.14256404,5.4842232e-05
0.14496449,7.231218e-05
0.14754067,7.5610806e-05
0.14350878,6.150972e-05
0.14731157,6.955619e-05
0.14186785,7.2319344e-05
0.1340284,7.372199e-05
0.14882141,5.202832e-05
0.15175347,5.6597368e-05
0.13702741,0.000109179
0.13641971,8.759475e-05
0.14211862,8.896972e-05
0.13627729,7.56196e-05
0.13736963,6.355412e-05
0.1434043,8.449186e-05
0.14184822,8.734677e-05
0.16469392,7.48987e-05
0.14206167,7.3856456e-05
0.15129301,8.0278696e-05
0.12753823,0.000107983025
0.13398424,8.903634e-05
0.1605019,6.1604e-05
0.14808118,8.9073284e-05
0.14921057,8.0932674e-05
0.14447564,5.7378784e-05
0.20212333,0.00023856515
0.24191964,0.00033778697
0.2286978,0.00028936547
0.21637519,0.00030062496
0.23222989,0.00028720134
0.21784975,0.0002478966
0.22634831,0.0003311463
0.21945974,0.00033115482
0.23501094,0.00030589907
0.21807632,0.00028966359
0.23612604,0.00032331533
0.21214856,0.00029012156
0.21896349,0.00023908247
0.2122431,0.0002955195
0.21601973,0.00041993865
0.21597433,0.00033978102
0.20929143,0.00039484203
0.22262222,0.00033954348
0.22661394,0.00030218615
0.23063847,0.00041091023
0.22813073,0.00036825283
0.24656999,0.0002916538
0.22524099,0.00034260275
0.23772743,0.00032960394
0.21423829,0.0004075634
0.2073325,0.00037630321
0.23785971,0.00026593902
0.21712893,0.00034018437
0.24348395,0.00031578564
0.2215375,0.0002542514
0.13055483,6.894561e-05
0.13116437,0.000115158815
0.11403051,8.87373e-05
0.13203017,9.279158e-05
0.12408978,8.7955166e-05
0.13153432,7.973746e-05
0.13726704,9.613486e-05
0.12587225,9.6580414e-05
0.125758,9.3432376e-05
0.11838042,9.167609e-05
0.12961939,9.854307e-05
0.11926446,9.4302864e-05
0.13038695,6.925611e-05
0.12032289,6.3370026e-05
0.11995647,0.00012988373
0.123286866,0.00011419597
0.12552483,0.00011940896
0.12636824,0.00010693579
0.12451001,9.074916e-05
0.11378331,0.000113848044
0.11499314,0.000106445106
0.13964346,9.478719e-05
0.11771209,0.0001131613
0.1297759,9.579946e-05
0.12002951,0.00014642935
0.12681936,0.00011411248
0.12910804,7.0586815e-05
0.12462129,0.00011185192
0.13484845,0.0001085613
0.12545449,7.964847e-05
0.09379345,2.2692642e-05
0.08792348,4.3954762e-05
0.08246137,3.3222495e-05
0.090030745,3.4879195e-05
0.08958433,3.1757212e-05
0.09317551,2.708056e-05
0.091886945,3.2878383e-05
0.09828248,3.480749e-05
0.08162609,3.0851057e-05
0.091262095,3.119953e-05
0.09016948,3.658793e-05
0.08482514,3.360637e-05
0.097984724,2.4820283e-05
0.0908141,1.9356834e-05
0.08565936,4.7415524e-05
0.084658824,4.179934e-05
0.091162406,4.1087336e-05
0.088125914,3.6276186e-05
0.08752095,3.0809926e-05
0.07993739,4.3970816e-05
0.08517306,3.8214966e-05
0.09027992,3.2605578e-05
0.0884419,3.9861632e-05
0.085060365,3.500105e-05
0.08304785,5.106669e-05
0.09194399,3.8046648e-05
0.08358985,2.3642748e-05
0.087654874,3.997378e-05
0.091067836,3.8583534e-05
0.08701379,2.4314983e-05
0.11442524,2.7213782e-05
0.12256549,4.927121e-05
0.11289464,3.5212368e-05
0.117615096,4.0234223e-05
0.12520583,3.594978e-05
0.113839045,2.985927e-05
0.11894205,3.5405144e-05
0.11451261,4.210652e-05
0.10686236,3.159063e-05
0.114537455,3.3849374e-05
0.1280852,3.9675502e-05
0.11212982,3.787191e-05
0.11034687,2.687418e-05
0.10859916,2.3678194e-05
0.11070736,5.369069e-05
0.11372069,4.5470184e-05
0.10720879,4.562799e-05
0.12101013,4.3043554e-05
0.11009991,3.704827e-05
0.111148484,4.947546e-05
0.10726521,4.4751985e-05
0.12914284,3.732114e-05
0.108264804,4.604736e-05
0.10832438,4.4154945e-05
0.11199282,6.065632e-05
0.114724755,4.2243228e-05
0.11092267,2.8199498e-05
0.10710495,4.5733323e-05
0.121825226,4.323922e-05
0.123690605,2.5913405e-05
0.2693136,0.0018636937
0.2461093,0.0017005841
0.26341313,0.0019639174
0.25558996,0.0021448703
0.24991423,0.0018953506
0.24074286,0.0020093876
0.2375828,0.002098766
0.24532387,0.0018884239
0.24677417,0.002304724
0.25599036,0.0019381394
0.2443791,0.0017925388
0.27386048,0.0017635897
0.24691136,0.0022557287
0.25011754,0.0019395198
0.26669657,0.001756595
0.25343046,0.0020786014
0.24915268,0.002458614
0.26171649,0.0023335435
0.25600472,0.0022019825
0.2774283,0.002200782
0.25849235,0.0019075731
0.23128262,0.0020338788
0.2500497,0.0023644047
0.23737185,0.0018272862
0.27088743,0.0018965121
0.26150265,0.002538317
0.23503675,0.0019488352
0.24877584,0.0019455253
0.23821294,0.0019591919
0.26675785,0.001789884
0.10183283,4.287624e-05
0.09269058,6.670393e-05
0.09476671,4.9350823e-05
0.102529645,6.516685e-05
0.09567205,5.46287e-05
0.100750566,4.7776637e-05
0.09882793,5.5478664e-05
0.08704668,5.9768572e-05
0.08587114,4.340327e-05
0.09767609,4.8445887e-05
0.10405732,6.425027e-05
0.10398352,5.3911e-05
0.09487562,4.6927235e-05
0.094505034,3.732242e-05
0.08724242,8.7669374e-05
0.103830434,7.103342e-05
0.09601495,7.519477e-05
0.11553969,7.092722e-05
0.09880806,5.9768117e-05
0.09644653,6.937224e-05
0.088411056,6.682138e-05
0.11291418,6.111384e-05
0.08468806,7.368466e-05
0.09006161,5.5997276e-05
0.09723386,8.636472e-05
0.0924508,6.79298e-05
0.08937241,4.478059e-05
0.09016229,6.676184e-05
0.09650255,6.6597655e-05
0.108214445,4.7369787e-05
0.18147199,0.00014185136
0.18411267,0.0001986085
0.17626746,0.00017802296
0.1817001,0.00022206736
0.18764056,0.00017823305
0.19268955,0.0001659897
0.16929579,0.00019569987
0.16837099,0.00020053211
0.17725213,0.00019004475
0.19164477,0.00019324229
0.18070906,0.00019057497
0.18204062,0.00017770988
0.18973148,0.00016531904
0.19814508,0.00015073604
0.19080418,0.00024023026
0.17740618,0.00024207076
0.18786672,0.0002461073
0.18401654,0.00021628116
0.18959798,0.00017745624
0.17853674,0.00022963276
0.17582645,0.00021982926
0.1869756,0.00022033665
0.17903177,0.00022492254
0.1818551,0.0001879746
0.18099345,0.00026135796
0.18162115,0.00024226448
0.20595732,0.00016966276
0.19593209,0.00021848253
0.17317122,0.00019422428
0.19131759,0.0001540155
0.19283481,0.00023272344
0.18365808,0.0002997072
0.18426895,0.00025018415
0.17718096,0.00030227116
0.1669831,0.00026093767
0.18574843,0.0002567505
0.17378797,0.00029903933
0.14909321,0.00028727308
0.18664822,0.0002992124
0.17272139,0.00027419862
0.18901506,0.00031876416
0.17708528,0.00025353802
0.18756966,0.00024793184
0.17536297,0.00022512874
0.1876437,0.00036405015
0.19152631,0.0003542938
0.18972637,0.0003717122
0.19546622,0.0003356999
0.2074627,0.00031102684
0.18888418,0.00033833145
0.17227142,0.00030947663
0.1917705,0.00030168958
0.16836068,0.00035108198
0.1930528,0.00026138188
0.2010821,0.00037411056
0.18280177,0.00038551065
0.19873764,0.00023177279
0.17020835,0.0003210644
0.1781213,0.000274282
0.18722156,0.00024657563
0.1500851,0.00014014363
0.13976203,0.00019968608
0.14193021,0.00016126907
0.14389065,0.00019069949
0.14950904,0.00016633859
0.13779534,0.00015417949
0.13907461,0.00018039175
0.13111651,0.000186735
0.13769756,0.00017718064
0.13903707,0.00017378457
0.14004627,0.00018655349
0.14379355,0.0001651111
0.13736066,0.00015536146
0.13595513,0.0001362708
0.13859688,0.00022358919
0.14065522,0.00020618307
0.14589089,0.0002309608
0.15532584,0.00022144045
0.13785368,0.00018182627
0.14955123,0.00021309653
0.13659357,0.00020243687
0.15049878,0.00017707796
0.13592352,0.00022129502
0.13405384,0.00017711426
0.14237358,0.00022746436
0.14151874,0.0002197643
0.13842238,0.00015614888
0.13974416,0.0002040988
0.14587393,0.00020003559
0.14594467,0.00014235433
0.12758109,9.966576e-05
0.12059825,0.00015878346
0.1289226,0.00013382913
0.1137924,0.0001362269
0.115002476,0.00013276022
0.11479382,0.00010891103
0.11338864,0.00012847924
0.11818928,0.00012807241
0.11676554,0.00015519916
0.11945146,0.00012741039
0.11180451,0.00015659785
0.10586259,0.00010842949
0.131304,0.000113288595
0.11489724,8.679959e-05
0.1309684,0.00015198418
0.11980177,0.00017260778
0.12630041,0.00015185322
0.11741823,0.00013902294
0.1297789,0.00014419894
0.12724246,0.00017522652
0.124273315,0.00013987688
0.103516944,0.00012422678
0.12989251,0.00014432838
0.116198815,0.00013449296
0.12979138,0.00015166136
0.12445762,0.00017391203
0.11209589,9.9874014e-05
0.10922423,0.00014765433
0.11801542,0.00013903952
0.10889534,0.00010548609
0.20423694,0.00056346477
0.21812494,0.00075546355
0.20683146,0.00072939205
0.2106014,0.0008055776
0.20967624,0.0007307108
0.21943249,0.0006885355
0.21330994,0.00079846056
0.22146215,0.00078839815
0.21325235,0.0008090691
0.21392213,0.0007522907
0.20631959,0.0006896454
0.22408089,0.00069133757
0.21643347,0.0006648885
0.22391358,0.00065221393
0.22283591,0.0008463911
0.20424682,0.00077006494
0.22098753,0.00097290345
0.19821307,0.00094726565
0.20475729,0.00072088203
0.19617307,0.0008857442
0.21309648,0.00081663113
0.21725218,0.00079206534
0.20984216,0.0008765933
0.21773203,0.00068509654
0.19299722,0.0009045114
0.21849045,0.0008877757
0.22483528,0.0006646972
0.23483698,0.0008217926
0.20974244,0.0007836811
0.21778548,0.0006633941
0.19631617,0.00059608644
0.20775758,0.00077107496
0.20681886,0.0006876195
0.19842152,0.0008119425
0.21109392,0.0006696328
0.21813041,0.00065799913
0.20558068,0.00078961044
0.20370339,0.0008216947
0.20822154,0.0007068493
0.20680586,0.00070256134
0.22161652,0.0007363004
0.21655352,0.00071530364
0.20115328,0.00063114363
0.20410606,0.00067840924
0.20276333,0.0009593415
0.20687522,0.0007378859
0.20699765,0.0009697168
0.2100316,0.0009501074
0.20644993,0.0007766226
0.20167387,0.0009160811
0.19979915,0.00087205914
0.2289899,0.00075037585
0.19711821,0.0009116673
0.21033594,0.0007008624
0.19275348,0.00094313663
0.19898245,0.00085177855
0.2128939,0.0006629457
0.20806219,0.00082411023
0.21216597,0.00078223704
0.21935126,0.00063835405
0.0901782,4.9459137e-05
0.07996122,9.147725e-05
0.08062322,7.436317e-05
0.09097264,8.893782e-05
0.09847374,6.7980414e-05
0.089029,5.635152e-05
0.082778804,6.8489455e-05
0.09263943,8.043625e-05
0.07915211,6.2307896e-05
0.08781267,7.3722615e-05
0.08627304,7.914989e-05
0.08315369,7.369408e-05
0.08797376,5.644564e-05
0.086345635,4.587323e-05
0.08075851,0.00010139432
0.08229596,8.9027344e-05
0.09122631,9.1585396e-05
0.0941028,9.089856e-05
0.08019789,7.069183e-05
0.08069863,9.0436e-05
0.07701056,9.168064e-05
0.09230103,7.217212e-05
0.087157205,8.8181994e-05
0.079388954,7.852546e-05
0.077191696,0.00010289223
0.08533086,7.943003e-05
0.08445793,6.192459e-05
0.08823487,9.178333e-05
0.08949946,9.404567e-05
0.08857924,5.5434448e-05
0.22432168,0.00069629133
0.23818752,0.00084195967
0.20725812,0.0008557123
0.24342366,0.0010933757
0.2394025,0.0008428723
0.23159489,0.0008292387
0.21990761,0.0010417695
0.20673414,0.00096911925
0.23996703,0.00092883955
0.22019966,0.00096464093
0.22568479,0.0009488162
0.2325295,0.0008668288
0.22036,0.0007622957
0.23703478,0.0009371325
0.23023787,0.0011585591
0.22057936,0.0010383683
0.25082582,0.0012895475
0.24616262,0.001147694
0.23727895,0.0008903595
0.22366095,0.0009764425
0.21602307,0.0009597373
0.26229876,0.0010730497
0.2268026,0.0010829077
0.25278854,0.00085771957
0.21592799,0.0011562719
0.2220426,0.0011808719
0.27670926,0.00088753167
0.2588079,0.0010674217
0.22853884,0.0010074525
0.2324401,0.0008880055
0.14912064,0.00021521808
0.17085376,0.00034635115
0.16824481,0.0002900513
0.16927212,0.00035372443
0.19469188,0.0002823922
0.18443693,0.00023601066
0.17350183,0.0003031066
0.19809566,0.00033594194
0.16470635,0.00024231737
0.18562299,0.0003027626
0.17936233,0.00026363868
0.18821609,0.00030354847
0.16009025,0.00024677295
0.18559285,0.0002589083
0.1609767,0.00042751466
0.16109426,0.0002858099
0.17367083,0.00039245686
0.1646774,0.00038810997
0.15319337,0.00028115668
0.16028029,0.00036352698
0.17789009,0.00039859154
0.1926368,0.00029742857
0.17412835,0.00034146037
0.16626273,0.00030057708
0.1328241,0.0004045027
0.15793261,0.0003213186
0.16767655,0.00029475303
0.18392603,0.00033410813
0.18267868,0.0003565436
0.17982493,0.00023446309
0.2214756,0.00038519932
0.25067762,0.0004866855
0.24238373,0.00044985733
0.23693457,0.00051543245
0.2414166,0.0004945445
0.22226442,0.00041976513
0.23635538,0.0005456754
0.22993328,0.00046108873
0.2318107,0.00048826903
0.23347574,0.00045889322
0.23936853,0.00046377053
0.22628707,0.0004275069
0.2348881,0.00041879388
0.23558173,0.00043814685
0.2281487,0.0005631735
0.23052184,0.0005885715
0.21840651,0.0006019905
0.2298365,0.0005188638
0.23278974,0.00050701614
0.24548364,0.0005943012
0.2524184,0.0005132153
0.22849607,0.0005135956
0.23837422,0.0005480162
0.23796275,0.00051224127
0.24369214,0.000575402
0.22589663,0.0006300981
0.24811623,0.00043387376
0.23261678,0.00051838794
0.24985561,0.00047050093
0.22665396,0.00042524317
0.12759455,6.379397e-05
0.13252452,0.00011190463
0.114443004,8.902046e-05
0.13643338,0.00010055835
0.13011388,8.8964036e-05
0.13092496,7.635093e-05
0.13243546,9.185723e-05
0.12246389,9.475582e-05
0.12518848,8.7288485e-05
0.12080113,8.986827e-05
0.13166472,9.5149335e-05
0.11563527,9.067797e-05
0.12920213,6.6053406e-05
0.12278839,6.179628e-05
0.1219891,0.00012594469
0.12561853,0.00011405765
0.1248248,0.00011427223
0.12635544,0.00010339256
0.12516129,8.802952e-05
0.11198328,0.000105698535
0.11397382,0.000106736516
0.13657115,9.743747e-05
0.11678863,0.000108128916
0.13162081,9.644494e-05
0.11924953,0.00014227684
0.12707795,0.000113478774
0.13483949,7.120827e-05
0.12466193,0.00011213386
0.13125941,0.00010265839
0.12781404,7.753766e-05
0.10448097,2.8571894e-05
0.1059164,5.851125e-05
0.09453665,4.318507e-05
0.11301079,4.9805738e-05
0.10221593,4.5884382e-05
0.10974243,3.5317866e-05
0.101928756,4.0476443e-05
0.09385925,4.4570515e-05
0.1078159,4.0337763e-05
0.094885685,4.1887008e-05
0.10977682,5.0625502e-05
0.10051974,4.0130075e-05
0.10644247,3.0913463e-05
0.10130153,2.6224032e-05
0.11068355,6.0831957e-05
0.10800614,5.4897177e-05
0.113170445,5.6750643e-05
0.10467647,5.2343083e-05
0.10551548,4.2905813e-05
0.094855875,5.0079736e-05
0.09872671,4.992443e-05
0.11257314,4.4420896e-05
0.09186698,5.059765e-05
0.11461553,4.087914e-05
0.09700171,6.886905e-05
0.1063786,5.7140274e-05
0.10605145,3.1162243e-05
0.099773414,5.378078e-05
0.10076366,4.7954934e-05
0.1139724,3.6435253e-05
0.24952596,0.0017706393
0.2468806,0.001831613
0.24368462,0.0019640229
0.23999476,0.0020554662
0.22172722,0.0018502902
0.2220755,0.001936022
0.22435029,0.002315938
0.21510509,0.0019580435
0.25046438,0.0025788392
0.21979749,0.0019958795
0.22302824,0.0022312773
0.23381081,0.0017725908
0.24073899,0.0019312982
0.223993,0.0019002733
0.25581765,0.0019787324
0.2410459,0.002174426
0.2575456,0.002453469
0.24705091,0.0024119755
0.25755915,0.002302794
0.26012793,0.0023107291
0.23709895,0.0018896663
0.24019529,0.0019997528
0.23697275,0.0022604193
0.24653634,0.0018554474
0.25971496,0.001956595
0.24714223,0.0026338538
0.24476723,0.0017773119
0.22759685,0.002107691
0.2337432,0.0019502011
0.2294995,0.0019176934
0.27748537,0.020475673
0.30591133,0.019081322
0.2938524,0.024581596
0.2815009,0.023454536
0.2930383,0.01953072
0.26875165,0.021994893
0.285195,0.024140233
0.30076298,0.022695938
0.28897676,0.025491374
0.29380214,0.022458581
0.28997442,0.021383764
0.29529542,0.021384118
0.2752407,0.02248961
0.28805673,0.025117224
0.2895836,0.019786755
0.2895575,0.019501165
0.28318465,0.026241284
0.28570187,0.025932092
0.28711477,0.025088342
0.29520383,0.02373655
0.30373642,0.020710709
0.2857927,0.02154248
0.28161058,0.024190784
0.29811892,0.021262692
0.28807798,0.019230917
0.28708884,0.025492746
0.27304095,0.021301905
0.28372765,0.023106243
0.28879532,0.02018315
0.2947891,0.021755233
0.08863738,8.844399e-05
0.08255376,0.00016427707
0.09244337,0.0001151385
0.081723794,0.00013546471
0.090728596,0.00011317804
0.08629664,9.588465e-05
0.08513457,0.00010745054
0.08863342,0.000128547
0.07977381,0.00010061331
0.08463731,0.000111534544
0.09369892,0.00013294112
0.08281844,0.00011145651
0.0830734,9.3911156e-05
0.08035928,7.7408295e-05
0.08296726,0.00017071285
0.09557193,0.00013695039
0.081902586,0.00014215262
0.094101764,0.00014757691
0.08545855,0.0001369675
0.084061034,0.00016375423
0.08230928,0.0001555549
0.08257497,0.00010984619
0.08746695,0.00015208783
0.07937177,0.00014054912
0.085950434,0.00016548386
0.08542216,0.00012774456
0.074964285,9.903773e-05
0.072704166,0.00015001123
0.08800965,0.00013994172
0.09007679,8.455667e-05
0.12315251,3.6840935e-05
0.12932375,6.345353e-05
0.121579185,5.1694686e-05
0.130868,6.182216e-05
0.12953565,5.3161846e-05
0.12842621,4.322153e-05
0.12524366,5.2586787e-05
0.11619516,5.584209e-05
0.12273083,4.59198e-05
0.12636036,5.1853174e-05
0.12996934,5.6605033e-05
0.11814597,5.3425207e-05
0.12784784,3.999059e-05
0.12931691,3.7455633e-05
0.12253942,7.911601e-05
0.12462593,7.152868e-05
0.12257439,6.682904e-05
0.12441643,5.827537e-05
0.12713325,5.1143645e-05
0.12701967,6.310216e-05
0.120266005,6.284436e-05
0.13658667,5.8703175e-05
0.12085955,6.0562805e-05
0.1308143,6.015827e-05
0.12192064,8.550576e-05
0.11868852,6.917327e-05
0.13362938,4.3350487e-05
0.122241944,6.867009e-05
0.12652554,5.7793608e-05
0.12663,4.1846924e-05
0.18934464,0.0002083516
0.18018854,0.0002784931
0.17681424,0.00022727707
0.18299377,0.00025788049
0.16394334,0.00025384495
0.17971969,0.00024698596
0.18293723,0.00026708705
0.16674246,0.00024177505
0.17937316,0.00027691008
0.16450077,0.00024502864
0.17288205,0.00025121507
0.19059077,0.00022494013
0.18016148,0.00023082693
0.17580202,0.00019539021
0.18315239,0.00030135096
0.1760265,0.00029896578
0.18126544,0.00033729264
0.17949477,0.00031393414
0.17697649,0.00026547723
0.18259864,0.0002969922
0.17997958,0.00026484168
0.1786272,0.0002703304
0.16787681,0.00033001738
0.17825723,0.00023571764
0.17964073,0.0003361949
0.1867788,0.00034385797
0.17790389,0.00021470341
0.17842567,0.00028184912
0.17275172,0.00025686115
0.18176429,0.00022266056
0.19259118,0.00039485935
0.18969375,0.0005161623
0.18113004,0.00051053887
0.1881422,0.00054687663
0.18648367,0.00047237397
0.1864003,0.00046225244
0.17884177,0.00055271783
0.18951623,0.00051901536
0.1828423,0.0005879043
0.19533695,0.0005416008
0.17324613,0.0005008837
0.17768814,0.00047432497
0.20143263,0.00045255004
0.20003903,0.00041308312
0.19223751,0.00057767285
0.17875785,0.00063577545
0.19134492,0.00063524785
0.17747684,0.0005533949
0.19167475,0.00048970844
0.18050557,0.00060498324
0.18689793,0.00054196327
0.17577913,0.0005600663
0.19267915,0.00058328046
0.18949153,0.0005231517
0.18861587,0.0005997882
0.1932927,0.000629186
0.20514338,0.00043961426
0.20195183,0.0005758846
0.18306857,0.000518757
0.17612109,0.00044546122
0.13794807,7.396817e-05
0.15244155,0.00012647278
0.13828106,9.454093e-05
0.14180742,0.000103282684
0.14130168,0.00010317745
0.13200127,8.317451e-05
0.14278693,9.741982e-05
0.1273978,0.00010321081
0.14194848,9.833214e-05
0.12608789,9.400909e-05
0.15148948,0.00010780473
0.13259117,9.294568e-05
0.13637154,7.36428e-05
0.12858884,7.255365e-05
0.13591075,0.00013621846
0.14404391,0.00011948357
0.13283955,0.00012771253
0.14229065,0.00012045525
0.13805155,0.00010687707
0.13922793,0.00012367894
0.1358437,0.000114782546
0.1476271,9.768094e-05
0.1279228,0.000120717435
0.1471356,0.00010502519
0.14061193,0.00014569897
0.13768692,0.00013111703
0.13698368,7.785448e-05
0.1285513,0.00011973071
0.14844912,0.00010656413
0.14308554,8.0610946e-05
0.18278837,0.00024016223
0.17839466,0.0003140003
0.18146437,0.00030035307
0.18263428,0.000345349
0.17713563,0.0003089083
0.17209978,0.00026553113
0.16610514,0.00031729392
0.16593482,0.00030010918
0.17527218,0.00033907476
0.17785111,0.00031642875
0.16634499,0.00031426502
0.1780802,0.0002692521
0.18078306,0.0002803609
0.18599321,0.0002646498
0.18811432,0.00035175637
0.17196521,0.0003790751
0.18590672,0.0004013127
0.17871624,0.00035206755
0.18419875,0.0003059279
0.18910027,0.00034776295
0.18382779,0.00033360047
0.17666347,0.00032325985
0.18828984,0.00035178708
0.17990455,0.00030500413
0.17457406,0.00036677203
0.17669767,0.00041630815
0.18828657,0.0002851145
0.18837827,0.00034665456
0.16703087,0.0003220921
0.17088284,0.00026863007
0.07449307,1.3963438e-05
0.07066225,3.1462703e-05
0.06444783,2.3976703e-05
0.07306194,2.3916802e-05
0.07768504,2.2304239e-05
0.06951583,1.6562763e-05
0.06956399,2.02011e-05
0.07646376,2.323013e-05
0.06700377,2.1640157e-05
0.06965465,2.1409678e-05
0.07143047,2.4974042e-05
0.057165872,2.2413284e-05
0.07792623,1.4716818e-05
0.06536418,1.2169489e-05
0.07069512,3.145964e-05
0.0706128,2.9696153e-05
0.06968888,2.5844154e-05
0.06891243,2.3215885e-05
0.069211945,2.1456855e-05
0.06130813,2.8847433e-05
0.06216511,2.7042106e-05
0.066489086,2.0634558e-05
0.07414001,2.561222e-05
0.06867247,2.6192913e-05
0.06942952,3.3420365e-05
0.07221801,2.5079844e-05
0.06644836,1.5510594e-05
0.0662918,3.003204e-05
0.071692936,2.6284924e-05
0.066548444,1.6032167e-05
0.15426864,5.9906946e-05
0.16310903,9.1980204e-05
0.15309535,7.958182e-05
0.17089519,9.6945994e-05
0.1626039,8.330993e-05
0.16527355,6.784028e-05
0.16207457,9.143006e-05
0.15788954,8.794712e-05
0.15718657,7.232224e-05
0.16476737,8.242152e-05
0.15920691,8.469684e-05
0.1659242,8.595359e-05
0.1607677,6.797147e-05
0.17526376,7.033605e-05
0.15497681,0.00012245744
0.14952083,0.00010369745
0.16058344,0.00011418879
0.15449855,9.346463e-05
0.15441728,7.7663986e-05
0.16166252,9.717765e-05
0.15986216,9.787889e-05
0.18772063,9.422556e-05
0.15630814,9.358869e-05
0.1695308,8.9479625e-05
0.13932683,0.00013111354
0.14590925,0.00010899414
0.17606606,7.467662e-05
0.17707743,0.0001048079
0.1634739,9.2656395e-05
0.16715084,7.274687e-05
0.10942269,2.2907901e-05
0.12100876,4.2884334e-05
0.11993131,3.1643875e-05
0.10588489,3.1857766e-05
0.11878487,3.092673e-05
0.10790604,2.4155905e-05
0.1101737,2.8894156e-05
0.116178006,3.438234e-05
0.1096902,2.9631829e-05
0.11469404,2.9801038e-05
0.121476114,3.4866724e-05
0.100959465,3.044582e-05
0.11714056,2.3385386e-05
0.112732,2.042137e-05
0.11254411,4.5708424e-05
0.11104921,3.9871633e-05
0.106543705,3.747335e-05
0.11057857,3.296302e-05
0.11517455,3.1016432e-05
0.11330033,4.4997458e-05
0.11606135,3.973131e-05
0.11268405,2.8942859e-05
0.11692066,3.5518464e-05
0.11053088,3.8296395e-05
0.11225272,4.650534e-05
0.11034242,3.8298847e-05
0.10687179,2.3621044e-05
0.100385614,3.7724698e-05
0.116398916,3.3236058e-05
0.10987015,2.0913816e-05
0.26115865,0.001392943
0.2841757,0.0014865644
0.28312442,0.0014628076
0.27202672,0.0016813618
0.25869843,0.0016039634
0.29430574,0.0016997122
0.28685153,0.001783847
0.27474922,0.0016265197
0.2818501,0.0017262979
0.27630588,0.0015358691
0.28226066,0.0013713312
0.31623784,0.0014575863
0.28344184,0.0016434719
0.29285476,0.0016317144
0.29539552,0.0018182357
0.2694326,0.0016100683
0.27681145,0.0022757503
0.26489034,0.0021447232
0.27371016,0.0016729499
0.26340234,0.0018984573
0.29342324,0.0017133558
0.27432492,0.0017334166
0.2675647,0.002139863
0.28436166,0.0013302875
0.2737013,0.0018956348
0.28130597,0.0020408991
0.28847998,0.0014828093
0.30088463,0.0016762663
0.2627186,0.0015752293
0.29499432,0.0015632027
0.088176146,3.268194e-05
0.09132,7.1530114e-05
0.08127747,4.6341058e-05
0.08656029,4.657014e-05
0.084365115,5.147578e-05
0.08861822,4.0788487e-05
0.09445141,4.4081615e-05
0.09357039,5.011518e-05
0.08528731,4.70231e-05
0.07820145,4.4692664e-05
0.09110426,5.6627927e-05
0.08124683,4.555686e-05
0.09185255,3.302381e-05
0.07880809,2.8915212e-05
0.083386414,6.822167e-05
0.09306833,5.704891e-05
0.08560123,5.6860397e-05
0.085868366,5.7029712e-05
0.085094385,5.241436e-05
0.07739094,6.4610074e-05
0.08128453,5.553032e-05
0.08645441,4.248461e-05
0.081324875,5.8900783e-05
0.089485966,4.77194e-05
0.084244095,7.544227e-05
0.08978217,5.8628877e-05
0.07710553,3.4021345e-05
0.07731153,5.9961363e-05
0.09063079,5.817193e-05
0.08490552,3.8116334e-05
0.25453955,0.0013669365
0.23324457,0.0013421534
0.2526646,0.0014755123
0.23647971,0.0016531282
0.23163567,0.0013761997
0.24970691,0.0015090563
0.22489652,0.001763823
0.23378526,0.0015771278
0.24115671,0.0017837452
0.25738165,0.0015311729
0.24079116,0.0015021368
0.25740093,0.0014133555
0.2539207,0.0016329631
0.25070247,0.0014066576
0.260297,0.001563136
0.2476708,0.0017091141
0.24917904,0.001901245
0.24323356,0.0018303685
0.2622924,0.0016745612
0.26452944,0.0018817087
0.2489791,0.0016047263
0.22946726,0.0016127634
0.24331208,0.0018747814
0.23340528,0.001413225
0.26730323,0.0016031625
0.25172254,0.0018535738
0.24756251,0.0014351549
0.24536239,0.0015442146
0.23562013,0.0014947918
0.24312957,0.0013542009
0.117494114,8.237123e-05
0.12154091,0.00014204178
0.11516184,0.00011380669
0.12083529,0.00012490239
0.11924557,0.000120005614
0.11083548,9.4684285e-05
0.11894715,0.00011552099
0.11542573,0.00011995183
0.116180174,0.0001148466
0.109192386,0.00011477402
0.11618403,0.00012877937
0.10706081,0.00010873328
0.11834225,8.767581e-05
0.11053409,8.442912e-05
0.110676415,0.00015984423
0.12026973,0.0001383968
0.118624605,0.00014634836
0.118871205,0.00013683057
0.114575855,0.00012116892
0.11551784,0.00014230207
0.1122764,0.00013360727
0.12245773,0.000112922426
0.11517515,0.00013398327
0.12262165,0.000121120866
0.11329842,0.00015975282
0.112981856,0.00014753654
0.11433437,9.380205e-05
0.11171483,0.00014217214
0.12493458,0.00013455377
0.11284667,9.758169e-05
0.09216228,1.694735e-05
0.09231276,3.120414e-05
0.094858505,2.371589e-05
0.09433612,2.7100916e-05
0.098842904,2.340261e-05
0.0973853,1.8409468e-05
0.093135625,2.3153074e-05
0.099935964,2.6665786e-05
0.08434288,1.9194757e-05
0.1009602,2.1998883e-05
0.0992518,2.5787996e-05
0.09306284,2.438746e-05
0.09636631,1.8618939e-05
0.10024803,1.5170108e-05
0.089106664,3.681459e-05
0.09205613,2.9983852e-05
0.09098991,3.0183412e-05
0.09495054,2.6108399e-05
0.09318318,2.2592147e-05
0.09161327,3.1549655e-05
0.09513206,3.0200685e-05
0.10139041,2.4022662e-05
0.09368412,2.7720516e-05
0.08844566,2.7652319e-05
0.084966935,3.734446e-05
0.09076995,2.779917e-05
0.08711478,1.8578961e-05
0.09104336,2.9114357e-05
0.09437911,2.6632519e-05
0.09734539,1.682851e-05
0.10921017,2.8290517e-05
0.11083153,5.1534473e-05
0.110546105,3.7249458e-05
0.10801452,4.110152e-05
0.11450437,3.6755446e-05
0.11527034,3.1537198e-05
0.11261671,3.8257673e-05
0.12356858,4.3433538e-05
0.10245438,3.3244614e-05
0.11572197,3.618587e-05
0.11714714,4.1451924e-05
0.11236276,4.084041e-05
0.11384011,3.0065083e-05
0.11298895,2.4944526e-05
0.10588303,5.9043396e-05
0.10678738,4.5816265e-05
0.108404316,4.8159098e-05
0.10956709,4.4222117e-05
0.10687752,3.802383e-05
0.10610433,5.4304743e-05
0.109461896,4.7548336e-05
0.121621944,3.8004433e-05
0.11048931,4.643599e-05
0.103289865,4.3708857e-05
0.100267194,6.215787e-05
0.109593704,4.309855e-05
0.103856176,3.0381285e-05
0.10675942,4.6021243e-05
0.11278489,4.516327e-05
0.113727875,2.6768641e-05
0.19001298,0.00022035724
0.17716146,0.0002827753
0.17759615,0.00024204167
0.17849009,0.00026922827
0.18764122,0.00025673458
0.16615,0.00025058043
0.17256643,0.00027110652
0.1671421,0.00026890577
0.16887616,0.0002965511
0.1752807,0.00024986756
0.16770759,0.00025583708
0.18218224,0.00023649565
0.17224981,0.00025203265
0.17214534,0.0001994627
0.18447453,0.00028212872
0.16553599,0.00031656065
0.16997063,0.00032517285
0.1809582,0.00031650477
0.16515629,0.00027273333
0.19223888,0.00032175294
0.17441873,0.00027873376
0.16485368,0.00026767413
0.17197138,0.0003231181
0.15413101,0.00027059627
0.18634975,0.00031688038
0.18513003,0.00033927202
0.16528992,0.00023521474
0.17428072,0.0002891559
0.17355207,0.00027862936
0.1798706,0.00020362763
0.18152423,0.00023869595
0.19736774,0.00032077712
0.19110066,0.00030077432
0.18954685,0.00032812942
0.18528448,0.0002923562
0.18883315,0.00025510954
0.18707412,0.00034202007
0.19119234,0.0003268496
0.18771952,0.0003005
0.1963179,0.00030660914
0.18425104,0.00032298476
0.18393616,0.00030051518
0.19573551,0.00025869784
0.1924757,0.00028495473
0.18073146,0.0004319742
0.1799472,0.00035858393
0.1932044,0.00041006517
0.18497515,0.00034215752
0.19705024,0.00030688843
0.19617972,0.00038470572
0.19258146,0.0003592284
0.20929205,0.0003175324
0.1984065,0.00034205397
0.19986084,0.00031318917
0.17922716,0.00040166057
0.17715946,0.00039120982
0.20264752,0.0002727263
0.1918109,0.00034975237
0.19848587,0.00034671073
0.18086119,0.00027603525
0.24988602,0.0011353781
0.26670897,0.0012992882
0.2775361,0.0013266192
0.24959528,0.0014832725
0.27269167,0.0012789748
0.2713961,0.0012665669
0.25381133,0.0014610625
0.27365178,0.0014346568
0.25699157,0.0014315989
0.2869389,0.0013281653
0.27736577,0.0011965592
0.27677616,0.0012337398
0.2680106,0.0013342949
0.28087303,0.0012360605
0.2750903,0.001472789
0.26843718,0.0014937131
0.2492019,0.0016856262
0.2501955,0.0015908986
0.26620394,0.0013965486
0.2671389,0.0017033207
0.27959812,0.0015581643
0.24482147,0.0014070643
0.26458463,0.001636603
0.25768676,0.0013326647
0.27171385,0.0015121116
0.2648083,0.001600156
0.26810318,0.0012667291
0.27268013,0.0014009546
0.26432294,0.0012642407
0.27079427,0.001142849
0.17177702,0.00047761132
0.18494627,0.00062763743
0.21204367,0.00058621034
0.17618823,0.00068551913
0.18949729,0.0005654899
0.20362163,0.00048986153
0.1863658,0.00063270255
0.20418477,0.0006626077
0.1790671,0.00051114726
0.21262462,0.00056863227
0.20006113,0.00057889207
0.20509106,0.0005761629
0.18862543,0.0005426717
0.19567016,0.00055884867
0.18630804,0.00082880654
0.1905548,0.0005929394
0.18926512,0.00077649055
0.18480979,0.00074126356
0.19429407,0.00062944327
0.20193407,0.0007836729
0.2007862,0.00075626344
0.20351645,0.0005763703
0.20491198,0.0007022327
0.18869129,0.00059473776
0.1753173,0.00072085176
0.17320521,0.00066476525
0.1795535,0.0005602129
0.18469118,0.0006473967
0.19755757,0.000656112
0.19744836,0.0004937502
0.13856946,0.000113962094
0.14494424,0.00018926554
0.13918889,0.00015095813
0.15122518,0.00018633925
0.15603915,0.00015727241
0.1521545,0.00013039712
0.14532165,0.00015186293
0.14044765,0.00017066907
0.14452158,0.00013617637
0.13775021,0.0001516495
0.15514675,0.00016079324
0.15055342,0.00015180589
0.13466315,0.00012195623
0.14040276,0.00012284981
0.14085296,0.00022239408
0.14494012,0.00017389463
0.14511636,0.00020767389
0.14996509,0.00020235256
0.13594802,0.00016100847
0.13938715,0.00018459595
0.13396068,0.0001942076
0.16627032,0.00016424198
0.13615456,0.00019236795
0.14694259,0.00016549726
0.12867914,0.00023502421
0.13637781,0.00018711893
0.14471245,0.00014161551
0.14691828,0.00019219232
0.1472002,0.00018544345
0.15912303,0.00013264103
0.11969734,5.1424704e-05
0.132573,9.427743e-05
0.12301775,6.670361e-05
0.11920818,6.931649e-05
0.13128036,6.527949e-05
0.12615009,5.69966e-05
0.13311832,6.4254134e-05
0.13411929,7.638509e-05
0.11879011,6.3785876e-05
0.12382266,6.3956664e-05
0.13796864,7.2072944e-05
0.11714293,6.845798e-05
0.12488578,4.9371018e-05
0.11490086,4.434843e-05
0.11921879,9.822118e-05
0.12342691,8.0012425e-05
0.11283839,8.035284e-05
0.12221225,7.948822e-05
0.12011645,7.0363356e-05
0.11785511,9.822203e-05
0.11912252,8.222643e-05
0.12811129,6.407754e-05
0.12164599,8.3879895e-05
0.11770134,8.041539e-05
0.12436417,0.00010706169
0.12587391,7.473454e-05
0.11496115,5.174845e-05
0.11066947,8.111532e-05
0.13582896,8.024426e-05
0.12450904,4.6734258e-05
0.16514482,9.987982e-05
0.19262883,0.00016167569
0.17566001,0.0001273216
0.17672944,0.00014108568
0.20170881,0.00013287927
0.1675451,0.00011225669
0.18256949,0.00013153731
0.18086936,0.00014361684
0.16972597,0.0001271954
0.18279344,0.00012363649
0.18401189,0.00012806752
0.17585288,0.00012417845
0.1669426,0.00010663448
0.17946273,0.00010300385
0.1758617,0.00016529304
0.16441762,0.00015900831
0.1575227,0.00016119806
0.17018484,0.00015057474
0.15900007,0.00012813654
0.18079993,0.00017307416
0.18306077,0.00015682526
0.17537662,0.00013197765
0.1774728,0.0001561276
0.1637289,0.00015623467
0.17093937,0.00018069422
0.17395231,0.00015691052
0.17369649,0.00011524659
0.17323641,0.00015145686
0.18471175,0.00014607303
0.17714599,9.567494e-05
0.13079682,5.9902264e-05
0.14094885,9.820358e-05
0.13781731,7.5925316e-05
0.13318735,8.4947744e-05
0.14539516,7.546515e-05
0.13332458,6.2202875e-05
0.13590214,7.844597e-05
0.1403756,8.55281e-05
0.13132127,6.9558846e-05
0.14103042,7.571088e-05
0.13902171,8.466922e-05
0.13247274,7.936461e-05
0.13453837,6.356643e-05
0.13542257,6.1432635e-05
0.12660776,0.0001159576
0.12626725,9.347079e-05
0.1319569,9.937518e-05
0.13639492,8.92343e-05
0.13315879,7.819622e-05
0.14279109,0.00010559739
0.13745773,9.746907e-05
0.1493127,7.617204e-05
0.14145808,8.9509056e-05
0.128775,9.017353e-05
0.12685657,0.000112348025
0.12795897,9.540636e-05
0.13243096,6.732432e-05
0.12931232,9.113116e-05
0.14267935,9.310766e-05
0.13176861,5.8534293e-05
0.089371696,1.5656055e-05
0.08766756,3.2181222e-05
0.08301944,2.3534767e-05
0.085017845,2.4260693e-05
0.08775505,2.3168777e-05
0.08919979,1.8237959e-05
0.08720847,2.1003118e-05
0.09105106,2.4220375e-05
0.08069886,2.1242888e-05
0.086805806,2.1180604e-05
0.09052152,2.6158918e-05
0.08075035,2.2600767e-05
0.09355685,1.6857632e-05
0.085769214,1.2924297e-05
0.08671092,3.306049e-05
0.08456973,3.0246862e-05
0.08595213,2.7794558e-05
0.085688286,2.5027044e-05
0.08621981,2.221767e-05
0.080244444,3.1157786e-05
0.08347791,2.741898e-05
0.085270256,2.2400161e-05
0.086163566,2.733593e-05
0.08473751,2.5784875e-05
0.083797954,3.5920308e-05
0.089094706,2.7573347e-05
0.07939093,1.6040212e-05
0.07972735,2.8550376e-05
0.08772395,2.5985271e-05
0.08536533,1.642715e-05
0.13063692,4.899192e-05
0.13262194,8.8510045e-05
0.12041861,6.862923e-05
0.13346459,7.3587755e-05
0.1292285,6.955142e-05
0.13158199,5.9347265e-05
0.13055614,6.915718e-05
0.13628547,7.300616e-05
0.124431126,6.851474e-05
0.12853588,6.753767e-05
0.12506415,7.3353964e-05
0.12903912,6.763241e-05
0.13401927,5.384636e-05
0.13289107,4.6741032e-05
0.1309791,9.5015595e-05
0.1194313,8.350106e-05
0.13363977,8.9484995e-05
0.12134058,8.0414546e-05
0.12011414,6.44989e-05
0.12041832,8.64904e-05
0.126049,7.984011e-05
0.13433255,7.2364666e-05
0.12377443,8.234131e-05
0.12720558,7.149847e-05
0.11565907,0.00010597224
0.13118869,8.4363615e-05
0.12837951,5.4644694e-05
0.13400422,8.2766644e-05
0.12737775,8.0287806e-05
0.13220619,5.496832e-05
0.11714082,5.0109546e-05
0.123799466,9.5658244e-05
0.116574116,6.74816e-05
0.10773107,6.202979e-05
0.11187822,6.648833e-05
0.11043866,5.5594068e-05
0.11494342,6.2641404e-05
0.115418024,7.195819e-05
0.1186764,7.543817e-05
0.10494743,6.4326414e-05
0.11825168,8.1856546e-05
0.10158661,6.275088e-05
0.118742414,4.921472e-05
0.09851136,4.298313e-05
0.118966125,9.0694135e-05
0.11336045,7.891016e-05
0.1142006,8.0894555e-05
0.11112286,7.889293e-05
0.11858602,7.162185e-05
0.11117409,9.5091826e-05
0.11045737,7.8089804e-05
0.11441857,5.647283e-05
0.11184319,7.904173e-05
0.10969742,7.0670736e-05
0.1186132,9.5296346e-05
0.124614775,8.3064486e-05
0.10734967,4.858148e-05
0.098648824,7.8358644e-05
0.119314075,7.588999e-05
0.110789575,4.788004e-05
0.22283596,0.00037179404
0.23423803,0.00044495708
0.24519564,0.0004158159
0.22071692,0.00044171984
0.20789751,0.00045195446
0.22754075,0.00041723918
0.22987053,0.0005093254
0.22539057,0.0004375427
0.22102001,0.0004848172
0.23503806,0.000422468
0.2265885,0.00043481405
0.23244187,0.0003979977
0.23532094,0.0004299724
0.23511364,0.00038930462
0.23460567,0.00051499833
0.22728905,0.0005239859
0.21918465,0.00058405957
0.2118693,0.0005032101
0.2319158,0.00048027598
0.23863068,0.00057586725
0.2525906,0.00048410462
0.21364719,0.0004625174
0.2273643,0.0005511522
0.22299348,0.0004188769
0.24433577,0.0005372948
0.22995251,0.0005834406
0.22692649,0.00037996442
0.22217725,0.0004618028
0.22792435,0.00044874786
0.22353049,0.00039985165
0.11181939,4.2858945e-05
0.10665676,7.26458e-05
0.103374295,5.8906062e-05
0.112072095,6.676942e-05
0.11656735,5.4114607e-05
0.11185851,4.73631e-05
0.105296664,5.8889713e-05
0.10811782,6.749608e-05
0.10061612,5.2833595e-05
0.11339511,5.785615e-05
0.11002434,6.581253e-05
0.09943306,6.237781e-05
0.11049877,4.5323937e-05
0.1080696,4.1025785e-05
0.102092296,8.692432e-05
0.1052225,7.5268945e-05
0.10642709,7.561787e-05
0.114036925,6.6799665e-05
0.10830299,5.7048645e-05
0.10251746,7.433608e-05
0.09769614,7.412783e-05
0.119783625,6.100414e-05
0.104297556,7.1322436e-05
0.10229361,6.658e-05
0.104731984,8.8963105e-05
0.10603619,6.8980466e-05
0.11275719,4.88127e-05
0.10665522,7.446471e-05
0.10976461,7.0958136e-05
0.11239272,4.6504105e-05
0.17634405,0.00012532699
0.18084672,0.00019180714
0.16381238,0.00014578749
0.1658777,0.0001505229
0.1680028,0.00014816376
0.16872847,0.00014685454
0.17479295,0.00016295908
0.16437057,0.00016526309
0.16795559,0.0001812929
0.16223474,0.00015043092
0.17373548,0.00016342386
0.16001135,0.00014726163
0.1737529,0.00012889411
0.16019197,0.0001068843
0.17304382,0.00019616469
0.16755441,0.0001983602
0.16070864,0.00019408135
0.16418593,0.00017933857
0.16775271,0.00016235019
0.16080713,0.00020869814
0.16245526,0.0001719538
0.16342376,0.00016316555
0.15556884,0.00019585744
0.16308479,0.00016457323
0.17990933,0.00022781294
0.18099312,0.00019675455
0.17133467,0.00011977959
0.16191478,0.00017858569
0.17567553,0.00016466944
0.16956632,0.00012381618
0.19580024,0.00027516653
0.19405153,0.00034690517
0.21324387,0.0003100664
0.19060658,0.00036472894
0.19442837,0.00033429483
0.20165493,0.00030441704
0.19010366,0.0003403811
0.19024733,0.00034245875
0.18707718,0.00033054105
0.20593214,0.00030828573
0.20426723,0.00031245372
0.22041938,0.00029658558
0.19593988,0.00032588103
0.20293002,0.00028769684
0.20756853,0.000395264
0.19570974,0.00037157122
0.19148971,0.000442874
0.19651209,0.0004123295
0.19714509,0.00034882085
0.21294321,0.00041112004
0.21086991,0.00038558766
0.19385433,0.00032993907
0.1967597,0.0004226394
0.18189615,0.00031096785
0.19922577,0.0004015802
0.19824654,0.00041751133
0.1880077,0.00030530585
0.19642384,0.00035494016
0.18621166,0.00034179207
0.2074684,0.0002688791
0.20795591,0.00029495626
0.23088947,0.0004060657
0.22278118,0.00033751945
0.21190053,0.00037758157
0.20173983,0.00037697103
0.22341217,0.00035289553
0.22218423,0.00039653023
0.21258885,0.0003759513
0.21340857,0.00037629282
0.21016142,0.00033752137
0.227851,0.0003601781
0.218991,0.0003331733
0.22402531,0.00031921608
0.219155,0.00030306642
0.21742998,0.0004615192
0.2256829,0.00042556194
0.20453674,0.00048410575
0.20722833,0.00043470462
0.21850072,0.00040047878
0.20779468,0.00046901248
0.22358924,0.00041323277
0.21303679,0.00039303434
0.20125654,0.00047424814
0.22211146,0.00035068727
0.2243563,0.0004956557
0.22232418,0.00048055348
0.22312254,0.00030428183
0.20856062,0.00040680202
0.21603326,0.00035759123
0.22599612,0.00033062077
0.13393292,0.000102745646
0.13007279,0.00016055805
0.13479473,0.00012615058
0.13348003,0.00014796003
0.13058631,0.00013376624
0.13582443,0.00011624477
0.13207005,0.00013357213
0.1303258,0.00014247478
0.12934577,0.00012432218
0.13004257,0.00012711356
0.13480364,0.00014823258
0.14227788,0.00012567955
0.13044445,0.000114960334
0.13032387,0.00010385521
0.13136968,0.00018471603
0.1322017,0.00014851085
0.13822007,0.00018057934
0.13837653,0.00017117249
0.13158318,0.00013943078
0.13505603,0.00016698825
0.13372983,0.00015927218
0.14622918,0.00013111292
0.1279959,0.00016845217
0.13029775,0.00012887876
0.12285638,0.00018390449
0.13060117,0.00016690644
0.12518033,0.00011468038
0.12921974,0.00015288958
0.13022792,0.00015471762
0.14007878,0.000111877525
0.124009944,3.9426493e-05
0.12904952,7.224408e-05
0.119656324,5.2883603e-05
0.11809746,5.4909633e-05
0.1211766,5.518718e-05
0.120705895,4.7562527e-05
0.12455725,5.138098e-05
0.12427449,5.574212e-05
0.11401965,5.529654e-05
0.1186213,4.9698985e-05
0.12606533,5.763879e-05
0.11454386,5.0284554e-05
0.12663122,4.1683026e-05
0.11792839,3.216343e-05
0.12280672,7.011359e-05
0.12138009,6.956999e-05
0.11496017,6.4312306e-05
0.117496304,6.0192528e-05
0.117744446,5.4467182e-05
0.11511868,7.2789895e-05
0.11962322,6.1653016e-05
0.11261942,5.424486e-05
0.11490715,6.713058e-05
0.11609707,5.946306e-05
0.12512244,7.961779e-05
0.1290999,6.735662e-05
0.11217867,3.9246806e-05
0.11044754,6.40186e-05
0.122418866,5.765352e-05
0.120718546,3.9236813e-05
0.2315616,0.000613165
0.19762135,0.0006134977
0.22160095,0.0007032134
0.21387699,0.0008660263
0.20797652,0.0006870371
0.21716316,0.0006728826
0.18374968,0.0007490373
0.19357465,0.0007218234
0.19908114,0.00080895884
0.22695401,0.0007407339
0.20363802,0.0006927166
0.23039499,0.0006434498
0.22293037,0.0007585175
0.23151372,0.00065998343
0.23409599,0.00072922284
0.21352221,0.0008936682
0.22067419,0.0009461296
0.22445251,0.0008593557
0.22990888,0.00074103224
0.24085838,0.0007827892
0.21693951,0.00075673603
0.20017046,0.0008034583
0.22117153,0.0008769889
0.20178752,0.0006776861
0.22716467,0.0007724958
0.21860677,0.0009312491
0.22511563,0.0007360346
0.2317587,0.0007692863
0.18906184,0.00071338116
0.2211943,0.00062724814
0.17360137,0.00039722995
0.1588429,0.00044410827
0.17540851,0.00045898397
0.17644629,0.0006117958
0.17206618,0.00044982496
0.16557875,0.0004018889
0.15291552,0.00052018824
0.14641623,0.00050771085
0.16280217,0.00044006243
0.16832496,0.00048062537
0.16493264,0.000517303
0.1734506,0.00045121924
0.15927404,0.00044018394
0.16445237,0.00046297745
0.16031335,0.0006431279
0.17094637,0.00055324513
0.18051869,0.00068230357
0.19451702,0.00060198363
0.17751317,0.00052826613
0.18645717,0.00052432064
0.1613783,0.00054739526
0.19276272,0.00052079593
0.17056671,0.00057739514
0.17274044,0.00046796078
0.16585717,0.00057872164
0.15261109,0.00062179955
0.17447402,0.0004842145
0.17252703,0.00056044816
0.17173363,0.00054084684
0.17429009,0.00045513062
0.25908428,0.0057465155
0.2690203,0.0054302025
0.26448858,0.007040652
0.2683125,0.0071550505
0.26547977,0.005421045
0.26960903,0.0062486455
0.25905326,0.007879099
0.27690727,0.007031577
0.27311364,0.0073396536
0.28113577,0.007114986
0.25439543,0.006793496
0.2732667,0.006588604
0.27025828,0.0062312293
0.27788958,0.0069798096
0.2689434,0.0069569433
0.26085588,0.006491455
0.28719783,0.008186098
0.27346343,0.00802817
0.28126967,0.0068578483
0.28558835,0.0076642577
0.27748418,0.006530182
0.28184068,0.0065831915
0.27743718,0.007331272
0.27711943,0.006164264
0.2673854,0.0062418804
0.26069927,0.007686931
0.28117165,0.0063103987
0.27704227,0.0069255014
0.27443266,0.006515949
0.2637431,0.006251299
0.21564625,0.0025348712
0.21746382,0.0027563402
0.21612976,0.0029849666
0.21800347,0.0035103841
0.21400738,0.0028065876
0.20465186,0.0027005854
0.2055859,0.003189166
0.1907293,0.0029845296
0.21762332,0.003210712
0.20301615,0.0030491552
0.2208557,0.003051136
0.20987475,0.002654594
0.204799,0.0026476055
0.2058801,0.003005567
0.21185017,0.0033409486
0.22673164,0.0032165744
0.21590064,0.003911196
0.23133953,0.003631588
0.23078616,0.003515744
0.22425854,0.0031231542
0.20537941,0.0031270878
0.22264959,0.0032333098
0.21295929,0.0036045653
0.22942029,0.0029439433
0.22099034,0.003188707
0.20808646,0.0037737405
0.21981514,0.0028446487
0.20991832,0.003486001
0.21186076,0.0029192802
0.21391152,0.0029978128
0.24987257,0.007119009
0.26850462,0.0075964206
0.24810058,0.007892384
0.25922373,0.008108451
0.27015558,0.0071104323
0.24701044,0.007570493
0.26520836,0.009865812
0.26092768,0.008498275
0.2664038,0.009170194
0.263154,0.008711293
0.26532117,0.0082264785
0.23414733,0.007905474
0.26351184,0.006925607
0.2523389,0.00802621
0.24329929,0.008645755
0.27180806,0.008307497
0.24085446,0.009484405
0.26872277,0.009160274
0.26455006,0.008719669
0.25924262,0.009738657
0.24933347,0.008222383
0.26293004,0.008168459
0.25801578,0.009603717
0.2658784,0.0082593085
0.27213505,0.008273863
0.26135936,0.009187897
0.28345498,0.0071608624
0.25208685,0.008896025
0.27337253,0.0074365404
0.2413414,0.007334045
0.14082877,0.0004971031
0.12324438,0.0006716698
0.1266716,0.0005918037
0.1283889,0.00070646446
0.11720047,0.0006303756
0.116465375,0.00056524447
0.13145192,0.00067793485
0.115541056,0.00057217374
0.12437582,0.0006992359
0.118373804,0.0006593
0.12618391,0.0007155989
0.11945016,0.00053717755
0.12886217,0.00054914644
0.12194493,0.0004891873
0.11958118,0.0007143629
0.13435948,0.00079265656
0.12909272,0.00077701017
0.13749598,0.0007167766
0.13571723,0.0007846495
0.13395053,0.0007212369
0.12564325,0.0005967777
0.11994758,0.000678982
0.13044047,0.000770971
0.13343218,0.0006506748
0.13562074,0.0007248233
0.12724023,0.00080584554
0.1188718,0.00051528506
0.119042546,0.0007432749
0.12947142,0.0006713648
0.11244763,0.0005955754
0.0691085,3.1223106e-05
0.057540637,5.919403e-05
0.05903014,4.8751575e-05
0.0682322,5.3599582e-05
0.06111523,4.7381127e-05
0.06146545,3.656533e-05
0.06501176,5.197387e-05
0.06253566,4.809425e-05
0.062638514,5.1198145e-05
0.06420573,5.280861e-05
0.061425935,5.7148998e-05
0.053120863,4.586763e-05
0.07590869,3.4693887e-05
0.060813595,2.918076e-05
0.05868845,6.8073314e-05
0.06651023,6.6297245e-05
0.06840568,5.9399976e-05
0.06844361,4.928014e-05
0.07040627,4.8698003e-05
0.058704354,5.801554e-05
0.05422492,5.043848e-05
0.0668474,4.8760827e-05
0.06780132,5.386706e-05
0.07192463,5.349862e-05
0.06393323,6.774525e-05
0.06310117,5.7581867e-05
0.06461431,3.3547745e-05
0.06534638,6.7351095e-05
0.06735524,5.6358454e-05
0.05422548,4.0282866e-05
0.21074937,0.00052423094
0.20819384,0.0006709382
0.21209314,0.00064789917
0.20505106,0.00076748733
0.20204075,0.000642199
0.20484291,0.0005967311
0.19489892,0.0007623277
0.19006726,0.00068489776
0.2142586,0.0008285479
0.2084531,0.0007350525
0.20479946,0.0006900225
0.20548677,0.00058918947
0.21699218,0.0006091775
0.22541928,0.00060827244
0.22266464,0.00078367477
0.20868635,0.0008392555
0.21853633,0.0008753038
0.20669638,0.0007679903
0.22614427,0.00070369476
0.21224172,0.00081596803
0.20745622,0.0007207831
0.20679264,0.0007940661
0.2217178,0.0007833966
0.2241033,0.00070621714
0.21013589,0.0008006564
0.21170777,0.00085879175
0.23509976,0.0006001842
0.23092367,0.0007946876
0.19476257,0.00064759445
0.19631284,0.0005800599
0.22879799,0.0034800891
0.19852647,0.0032754862
0.20075487,0.0037544614
0.21858959,0.0047770403
0.23024641,0.0033265485
0.21461196,0.00406592
0.19959214,0.004697264
0.20963009,0.004297708
0.20744619,0.0041820253
0.22357814,0.0043893787
0.20711635,0.0037589814
0.23772684,0.004123492
0.21043375,0.0040919157
0.23532747,0.004059787
0.20456208,0.0041409684
0.20522442,0.0040422296
0.22514981,0.005272028
0.23809612,0.0052188304
0.20916505,0.004272537
0.21174043,0.0041990145
0.20538177,0.0038971305
0.22777094,0.0047323
0.20750687,0.0051724887
0.2075753,0.0038088972
0.20388578,0.0041835764
0.21739498,0.0045717936
0.2299803,0.0040628496
0.24976061,0.004594339
0.20305535,0.004130973
0.21835653,0.003697447
0.20790069,0.0023845956
0.20956379,0.0027920192
0.20770927,0.0027571411
0.20545352,0.003141656
0.2052477,0.0027771364
0.18158007,0.0025730808
0.19795853,0.0030076697
0.1915083,0.0026561085
0.20679353,0.0033018086
0.19174558,0.0029020067
0.20437668,0.0030499785
0.19543903,0.0024346819
0.19916801,0.0025579615
0.1920868,0.0027010015
0.1968187,0.0030150425
0.2115685,0.0031312737
0.20702544,0.0034343973
0.21460502,0.003184269
0.20956616,0.0034263395
0.21748732,0.0031624008
0.2079388,0.0027484936
0.20141643,0.0029923993
0.20981213,0.003190731
0.20972638,0.0029343322
0.21265155,0.002824921
0.20336315,0.0035333284
0.19720653,0.002623716
0.19374292,0.003214878
0.20536762,0.0027729613
0.18987066,0.0026668985
0.113257706,8.75161e-05
0.12985553,0.0001700539
0.11267812,0.00012247238
0.12890182,0.00013965803
0.12946399,0.00013674512
0.11920727,0.000108533546
0.13448174,0.00012982257
0.1279571,0.00013486475
0.1197781,0.00011929344
0.11262946,0.00012508225
0.1320311,0.00013101168
0.112628855,0.0001257467
0.12006358,8.752286e-05
0.117233105,8.9946465e-05
0.11064191,0.00018452608
0.12495755,0.0001472619
0.112534076,0.00015467337
0.11783779,0.00015061852
0.11116037,0.00013385364
0.106296286,0.00015858948
0.11300186,0.00015378102
0.1291644,0.00013110427
0.11411875,0.00015610734
0.12553391,0.00014381528
0.10924344,0.00020218342
0.11890505,0.00014852133
0.118969515,0.00010141898
0.11588719,0.00016333196
0.12814832,0.00014730376
0.118693165,0.00010417706
0.15526013,0.00010224231
0.18237108,0.00018512085
0.1592795,0.0001437185
0.17286523,0.00016049547
0.18849888,0.00015044255
0.16328639,0.00012258139
0.17297758,0.00014412677
0.18196878,0.00015366962
0.16386195,0.00014018947
0.16744164,0.00014271586
0.17454162,0.00013924782
0.16527243,0.00013972838
0.1599108,0.00010947623
0.17510937,0.00011099451
0.16734222,0.0001862524
0.15808816,0.00016574803
0.15591203,0.0001780262
0.1548974,0.00016871627
0.14795893,0.00013806623
0.15805179,0.00018065753
0.17388669,0.00017543651
0.17054924,0.00014985612
0.1671944,0.00016893778
0.15979092,0.00016624361
0.14695981,0.00020716977
0.16972052,0.00017091383
0.16995318,0.00012649833
0.17196989,0.00017040872
0.16822992,0.00016128583
0.16871925,0.00010818874
0.1384419,5.736007e-05
0.1597181,9.95198e-05
0.14289828,7.9482386e-05
0.15112247,8.154746e-05
0.14661297,8.1717175e-05
0.14982218,6.453304e-05
0.15518047,8.612334e-05
0.15939748,8.6556494e-05
0.14676489,7.651493e-05
0.14570975,7.911979e-05
0.15182851,8.4343585e-05
0.1364885,8.515708e-05
0.15903564,5.8822083e-05
0.14992777,6.209904e-05
0.13765638,0.00012418072
0.14000827,9.9612356e-05
0.14037277,0.0001016848
0.13649048,8.676524e-05
0.14637373,7.676173e-05
0.14200218,0.00010340261
0.14804086,9.76436e-05
0.16581236,8.1518854e-05
0.14608668,8.845673e-05
0.15512036,8.954108e-05
0.13428937,0.00012714035
0.14252093,0.00010114855
0.16072448,6.46309e-05
0.14488459,9.741211e-05
0.15762511,9.0382026e-05
0.14187181,6.615162e-05
0.056601796,4.840862e-06
0.052080005,9.975566e-06
0.05046612,7.7037985e-06
0.05991833,8.731794e-06
0.062365375,7.683035e-06
0.054787666,5.357536e-06
0.05456977,7.0380856e-06
0.0560905,8.465763e-06
0.04961529,6.0625885e-06
0.057056926,6.6324437e-06
0.056987777,9.260284e-06
0.048107736,8.152628e-06
0.060226854,5.399473e-06
0.056086317,4.0516247e-06
0.051036388,1.2380452e-05
0.056652542,1.055055e-05
0.054526243,9.691604e-06
0.059348114,8.138272e-06
0.054342736,6.9251337e-06
0.05046784,9.441242e-06
0.051942468,9.248679e-06
0.061283592,7.477702e-06
0.052570842,8.419403e-06
0.05328755,8.217509e-06
0.050104473,1.2638943e-05
0.05383873,9.242559e-06
0.050548226,5.22409e-06
0.055002343,9.975205e-06
0.05791015,9.095538e-06
0.054993235,5.7945276e-06
0.19851759,0.00013431879
0.20677972,0.00018743785
0.20209897,0.00014692234
0.19172713,0.00016327824
0.1928693,0.00015876499
0.19606154,0.00014842903
0.19264878,0.00017162079
0.18176658,0.00016887997
0.20075421,0.00018392254
0.18972927,0.00015489846
0.19895537,0.00016982607
0.19976375,0.0001473029
0.19737446,0.00014468472
0.19348636,0.00012722392
0.20868799,0.00020339264
0.19224925,0.00019618901
0.19383408,0.00021064933
0.19466978,0.00018981096
0.19842865,0.00016661703
0.20158221,0.0002165048
0.19657387,0.00018540192
0.1985415,0.00017237455
0.1880523,0.00020115044
0.19031082,0.00016542358
0.2014411,0.00022535337
0.20135516,0.00021807835
0.20234795,0.00013448618
0.19330604,0.00018057985
0.19135143,0.00016345098
0.20606537,0.00012946493
0.22074108,0.0003950881
0.21960877,0.00044306493
0.22825024,0.000420143
0.21815781,0.0005203665
0.21251176,0.00045359388
0.22795399,0.00044610712
0.21515863,0.00051747466
0.20248497,0.00047007974
0.20915687,0.0004618658
0.2283355,0.0004433575
0.2255839,0.00042667004
0.2447309,0.00042720567
0.22400579,0.0004715889
0.23203969,0.00043507837
0.2226953,0.00055969704
0.2194602,0.0005503175
0.2171252,0.000652735
0.22454765,0.0005681809
0.22334225,0.00048574328
0.23062786,0.0005497608
0.22719832,0.00052371086
0.2227119,0.0005188138
0.21225505,0.0006171269
0.21506955,0.00043390875
0.22717163,0.00057383976
0.21525823,0.000606245
0.22323225,0.00043434845
0.2279329,0.0005124862
0.21256483,0.0004678538
0.23204252,0.00042171095
0.1464926,0.0001231826
0.16437492,0.00020203716
0.15048438,0.00016747651
0.16404456,0.00018814136
0.14351556,0.00018986165
0.15626341,0.00015347895
0.15967174,0.00017682015
0.15498528,0.00017034488
0.15738456,0.00016936875
0.13994089,0.00016488564
0.15251726,0.00018379842
0.15844154,0.00015382486
0.1582305,0.00013844181
0.15701754,0.00013609367
0.15736316,0.0002315082
0.15887947,0.00019548486
0.16224982,0.00023596003
0.14808033,0.00021344649
0.1546819,0.0001753718
0.14508353,0.00020219095
0.16622126,0.00019301615
0.16454224,0.00017653174
0.14720818,0.00020285211
0.1722915,0.00015337157
0.1387701,0.00023593192
0.15509996,0.00024000839
0.15672119,0.00014210721
0.1551953,0.00019838783
0.15152466,0.00018279643
0.15788855,0.00016416276
0.19285233,0.00018872779
0.20402654,0.0002662633
0.2135578,0.0002174766
0.18036298,0.00023387298
0.19828062,0.000220348
0.18075192,0.00019889162
0.17518045,0.00022963475
0.1712556,0.00023303808
0.19094259,0.00025753333
0.19228071,0.00020823322
0.20846027,0.0002530053
0.1715204,0.00019554675
0.19394843,0.00020364473
0.17717132,0.0001805413
0.20191891,0.00026872716
0.20356055,0.00029012433
0.17725495,0.00027299815
0.19443491,0.00024173934
0.20867485,0.0002575591
0.20936422,0.00030942087
0.19570316,0.00026544154
0.17814495,0.00021745503
0.18702506,0.00027004498
0.18106982,0.00025078165
0.22981943,0.0002784692
0.19909917,0.00029805079
0.18966986,0.00018847425
0.16902277,0.00025756133
0.18921676,0.00021253183
0.19039771,0.0001739283
0.18127167,0.0002365076
0.18736412,0.0003099674
0.19034871,0.0002743312
0.18093134,0.00032089397
0.20527421,0.00026551442
0.18108113,0.0002441604
0.18101262,0.00031615468
0.18190464,0.00032192262
0.17656553,0.00028131114
0.20324965,0.00028645206
0.18622723,0.000290498
0.18318576,0.00028613379
0.17971064,0.00026975627
0.18772706,0.00026517746
0.17730962,0.0003733453
0.17664416,0.00034281105
0.17583959,0.00037717758
0.18807948,0.00032952536
0.1803892,0.00029051516
0.19657382,0.00037563802
0.18653956,0.0003506179
0.19119589,0.00029374872
0.19077854,0.0003422081
0.17461103,0.00032640246
0.18693797,0.0003634341
0.17357787,0.00034137946
0.18606861,0.0002745685
0.18579592,0.00032976264
0.19484961,0.00032866697
0.18268384,0.00023314232
0.12635669,0.00014451181
0.09653813,0.0002234692
0.104612805,0.00017434805
0.10024286,0.00019466884
0.1040874,0.00014927695
0.1197372,0.00016414646
0.09972238,0.00017274097
0.10111368,0.00021081309
0.10052056,0.0001773774
0.10873399,0.00017897828
0.10998207,0.00020853286
0.10971099,0.00018244557
0.11253385,0.00016126847
0.09933037,0.00010916795
0.111198686,0.00022960213
0.10723544,0.00021388449
0.11164425,0.00022316856
0.12107754,0.00024526563
0.114193566,0.00020087064
0.103552476,0.0002452385
0.09262762,0.00021963818
0.10694304,0.00017181989
0.09624171,0.00025450048
0.09325523,0.00016974044
0.11806539,0.00023910915
0.1232098,0.00020336879
0.10549321,0.00014528305
0.09340295,0.00020342038
0.103905074,0.00020504913
0.12038661,0.0001357444
0.14992845,0.00010074915
0.18195449,0.00017964578
0.16512707,0.00013291906
0.1578286,0.00013034939
0.15571903,0.00015165571
0.1539136,0.00012434588
0.1759258,0.00014147177
0.17377445,0.00014188788
0.15847217,0.00014154665
0.1521546,0.00012853733
0.16181852,0.00014219519
0.1554046,0.0001225344
0.16426718,0.00010414747
0.15793025,9.942209e-05
0.16203819,0.00017991115
0.15938275,0.00015663441
0.15229855,0.00016656175
0.14403006,0.0001667957
0.14994274,0.00014695148
0.15964372,0.00018765155
0.17661923,0.00015298583
0.15372846,0.00012934992
0.15525998,0.00016617673
0.15934958,0.00014111097
0.15638208,0.00019354174
0.16637525,0.00017736015
0.15475033,0.000107139305
0.14934716,0.00015636254
0.17277782,0.00015372297
0.1566593,0.00010924513
0.21573922,0.0008647125
0.20354438,0.00094937487
0.21509403,0.001032176
0.21201196,0.0011655388
0.1989872,0.0009980159
0.21933486,0.001004423
0.202746,0.0011252911
0.21500897,0.0010366249
0.2069159,0.0011362031
0.22094351,0.0010674304
0.19789359,0.0010020282
0.23657593,0.0009542766
0.21934877,0.0010527174
0.22769408,0.00095321797
0.22557983,0.0011057304
0.20196368,0.0011255387
0.22601022,0.0013737255
0.20679566,0.0012894536
0.2175737,0.0010526468
0.2178479,0.0011843342
0.22509296,0.0010957542
0.20971346,0.0010883409
0.21987985,0.0012537785
0.2093157,0.0009199217
0.20225486,0.0011416934
0.2177701,0.0012955107
0.21475178,0.0009984048
0.2287201,0.0010766258
0.19696704,0.0010779666
0.21306962,0.0009465453
0.08229447,1.9061501e-05
0.08518133,3.9380797e-05
0.08013209,2.8817298e-05
0.08980473,3.2331398e-05
0.09029357,2.9001903e-05
0.09134456,2.2863947e-05
0.08978268,2.7982747e-05
0.09528781,3.213786e-05
0.07635119,2.3675417e-05
0.0877934,2.6388754e-05
0.0894192,3.0843734e-05
0.081978604,2.9851213e-05
0.0899699,2.0774667e-05
0.08835177,1.7147884e-05
0.080256745,4.6020974e-05
0.08750431,3.5647074e-05
0.08261877,3.4722587e-05
0.08311358,3.246648e-05
0.08001472,2.7985152e-05
0.075559326,3.7730028e-05
0.080890745,3.668205e-05
0.09041668,2.893891e-05
0.081077695,3.3638535e-05
0.08309542,3.1872536e-05
0.07522575,4.7128815e-05
0.082118325,3.2333337e-05
0.07823725,2.1639888e-05
0.08207339,3.726939e-05
0.088359416,3.4604705e-05
0.087744914,2.1269547e-05
0.22489373,0.00033134018
0.24375144,0.00041351866
0.2351193,0.00038115415
0.23415609,0.00043860794
0.22770393,0.0004044705
0.22211231,0.00036373726
0.22637656,0.0004681145
0.21199453,0.00041243073
0.23847647,0.00043955058
0.2259681,0.00039815597
0.22536892,0.00043199063
0.23248553,0.00036816226
0.23070085,0.0003678029
0.22907491,0.00040036102
0.23682803,0.00051873445
0.21987492,0.00048937945
0.2333214,0.00054985593
0.23029888,0.00046843212
0.23763186,0.0004148134
0.24518238,0.00050766295
0.23823744,0.0004490973
0.24404967,0.0004381483
0.23608527,0.00047010038
0.24287215,0.000415657
0.23098174,0.0005112411
0.22097564,0.000554579
0.2521774,0.00037493964
0.23802207,0.0004530788
0.23332109,0.0004214216
0.22725378,0.00036816718
0.21228078,0.0004475357
0.24051635,0.00057717646
0.23927175,0.00051412405
0.21860354,0.0005728894
0.24898365,0.0005052901
0.2182877,0.0004618607
0.22292547,0.00057662715
0.21794456,0.00057398935
0.2249234,0.0005397664
0.23237108,0.00050368137
0.24301091,0.0005248229
0.22030148,0.00049445336
0.21507478,0.00048304742
0.2184406,0.000511518
0.22188285,0.0006475544
0.22810297,0.00060933747
0.20558761,0.00068336487
0.22905356,0.000614104
0.2229904,0.0005702184
0.23871328,0.00069399056
0.23428798,0.0006487336
0.22631025,0.00052494154
0.22474888,0.00064539176
0.22056612,0.00058452925
0.2358921,0.0006449586
0.21759629,0.0006553986
0.2247594,0.00049940415
0.21583685,0.0005891959
0.24232502,0.0005366704
0.22922617,0.0004415022
0.20677136,0.00044990669
0.23728462,0.0005627609
0.2194023,0.0005261176
0.22562589,0.0005560992
0.24368317,0.0005368863
0.195431,0.00046364812
0.22530428,0.0006289
0.21702811,0.0005494216
0.21635643,0.00056234957
0.2206266,0.0005305257
0.21899475,0.0005354326
0.19821548,0.0005131926
0.21195985,0.0004704969
0.21118201,0.0005248562
0.20071729,0.00063025224
0.21349159,0.0006601926
0.19511274,0.0006759939
0.22150311,0.00057285774
0.20758952,0.0005669103
0.23250136,0.00068525685
0.22835967,0.0005928998
0.21574272,0.000535779
0.22360086,0.0006120945
0.21413879,0.0006244292
0.23159541,0.0006295716
0.20745002,0.0006808888
0.22314657,0.0005072281
0.21056183,0.00059906236
0.2460981,0.00057948934
0.20474592,0.00047874477
0.26635796,0.0050332183
0.28453994,0.0049986164
0.28380793,0.006529507
0.27543375,0.006481747
0.28698555,0.0052389163
0.24266803,0.0052210167
0.25178486,0.00622597
0.28079394,0.0056875786
0.26931965,0.0064790854
0.2756178,0.005911618
0.2656124,0.0056707794
0.27406976,0.0053454232
0.25143933,0.0057849092
0.2626724,0.0067702415
0.26777148,0.0051480737
0.2670801,0.005798575
0.26860446,0.0071063605
0.27792582,0.0063341237
0.28281233,0.006130551
0.30186737,0.0060692606
0.28784612,0.0056015654
0.26716328,0.00543806
0.28443485,0.0060812854
0.27919188,0.006237549
0.272009,0.004992094
0.2683422,0.006964405
0.2563483,0.0061208634
0.26593086,0.00612259
0.26984635,0.0053977426
0.26845166,0.005505675
0.12277822,0.00018419932
0.11365746,0.0002791931
0.11877824,0.00025095028
0.120773815,0.00030198166
0.1181912,0.00023682982
0.1229503,0.00020302451
0.115297034,0.00025677547
0.11307328,0.00025880613
0.11419308,0.0002450361
0.12096231,0.00026016138
0.12226609,0.00027044074
0.10852406,0.000229033
0.12553777,0.00020103446
0.120358005,0.00018420212
0.11652235,0.00032725904
0.12589127,0.00030970093
0.12113729,0.00031029884
0.12388106,0.0002819359
0.13047235,0.0002648379
0.11367463,0.00029428297
0.11033136,0.00029145673
0.1212068,0.00026768103
0.122144975,0.0002949366
0.12577938,0.00026668273
0.11747785,0.00032403675
0.11684613,0.0003005341
0.12337225,0.00020778202
0.117571935,0.0003088117
0.11881691,0.00026592356
0.115715355,0.00021727804
0.21295817,0.0008986707
0.22603002,0.0012021398
0.22558421,0.0010356229
0.21326324,0.0012179351
0.20899265,0.0010721944
0.22903304,0.0010055802
0.21689288,0.0010697657
0.1982485,0.0011429602
0.23874475,0.0011936801
0.20096745,0.0010274466
0.24052484,0.0011726164
0.23372309,0.0009328013
0.21015522,0.00092751405
0.21095273,0.0010006436
0.24547295,0.0013101902
0.23438992,0.0010972437
0.2261172,0.0014523074
0.22206156,0.0014871145
0.23996884,0.0012604059
0.2205145,0.0012662635
0.2188972,0.0012140753
0.23859522,0.0010655152
0.21628916,0.0013565212
0.23647681,0.000962379
0.21648902,0.001354339
0.22400476,0.0013875259
0.2304762,0.0009871809
0.21570632,0.0012106714
0.2015354,0.0010475751
0.23376243,0.0010147227
0.1478919,0.00022860212
0.14112695,0.00033597174
0.15472326,0.00032730988
0.14551911,0.0003782989
0.15469551,0.00030069117
0.13899013,0.000244995
0.12935889,0.00030228845
0.13633093,0.00032130448
0.14234525,0.00032712676
0.14964801,0.00033260553
0.13877049,0.00033548425
0.13026659,0.0002688858
0.14487214,0.00025653103
0.14749408,0.00025918838
0.15176286,0.00038161027
0.14726649,0.00038723554
0.15101647,0.00037779653
0.14695886,0.0003449888
0.15488665,0.00031855635
0.158254,0.0003524149
0.14510383,0.00036305925
0.14250255,0.00031295756
0.15990841,0.0003406212
0.15054484,0.0003537359
0.14567538,0.0003683476
0.13872215,0.00038177168
0.15357491,0.0002956159
0.14698417,0.0003799972
0.14036337,0.00033441532
0.13444418,0.0002599645
0.07356984,1.37317975e-05
0.0768363,2.9773822e-05
0.06883215,1.9258086e-05
0.07706284,2.0839096e-05
0.08042444,2.0904026e-05
0.07965338,1.6350847e-05
0.086776935,1.850877e-05
0.08875106,2.307141e-05
0.06600848,1.6975415e-05
0.07415221,1.7697592e-05
0.08286336,2.1038017e-05
0.071482025,2.1181067e-05
0.07809807,1.3474593e-05
0.07355264,1.1055621e-05
0.068853326,3.1998836e-05
0.078857385,2.4983141e-05
0.067264296,2.2451895e-05
0.07277089,2.2257027e-05
0.06904285,2.0668293e-05
0.06331132,2.8395603e-05
0.0667015,2.401872e-05
0.07794374,1.868821e-05
0.07481942,2.3766559e-05
0.07141625,2.3464401e-05
0.06772134,3.708157e-05
0.07047148,2.0827334e-05
0.064375676,1.4277441e-05
0.07216443,2.7007416e-05
0.07965267,2.5641202e-05
0.07223359,1.3651366e-05
0.114778176,2.441229e-05
0.12218164,4.5359917e-05
0.11375191,3.2738837e-05
0.11485848,3.578645e-05
0.12310112,3.3149736e-05
0.11393252,2.7556498e-05
0.11903484,3.2185766e-05
0.12114927,3.7297053e-05
0.10744329,3.002537e-05
0.117868595,3.1153475e-05
0.12524346,3.598682e-05
0.11064962,3.4228677e-05
0.11500828,2.4775585e-05
0.11351817,2.1687054e-05
0.1123003,4.881778e-05
0.111244336,4.2030297e-05
0.10780218,4.0895244e-05
0.113922305,3.6903766e-05
0.1111341,3.2587424e-05
0.11259709,4.5722245e-05
0.11292778,4.0325183e-05
0.12213096,3.349503e-05
0.11447706,4.0541036e-05
0.109583795,4.124043e-05
0.111173026,5.446427e-05
0.11482401,3.858556e-05
0.10976396,2.5659452e-05
0.10809721,4.1229065e-05
0.11922496,3.82968e-05
0.116716355,2.2989358e-05
0.21144554,0.0002568607
0.23494668,0.0003592635
0.23387276,0.00031145502
0.22362642,0.0003794043
0.25130805,0.0003264302
0.23278813,0.00028699907
0.21654887,0.00033021945
0.2285644,0.00036147164
0.22544394,0.00031943314
0.23809735,0.00031623122
0.2381284,0.0002978301
0.25159305,0.00030303435
0.21359622,0.0002974274
0.24126938,0.00030888797
0.2421771,0.00039457637
0.21604924,0.0003607286
0.2160664,0.00043360793
0.22098602,0.0004042999
0.21437551,0.00031909588
0.23344503,0.00040513734
0.23551926,0.00040565289
0.23374125,0.0003344724
0.23207204,0.0003989641
0.21368091,0.00034148054
0.20841417,0.00042740584
0.22070187,0.00039529867
0.23476303,0.00033283234
0.24340877,0.0003684475
0.21613382,0.0003446576
0.24462847,0.00025530418
0.14743273,9.504523e-05
0.1466473,0.00013660698
0.1426094,0.00010815708
0.14651452,0.00012397626
0.12621735,0.0001229227
0.14431371,0.000107114785
0.15202823,0.00012846393
0.13506743,0.000114013834
0.13755523,0.0001112904
0.13548802,0.00010962142
0.1444743,0.00013211691
0.1509065,0.00010869834
0.1486185,0.00010236552
0.14089787,9.072579e-05
0.13655294,0.00016692998
0.14264931,0.00014693664
0.14406593,0.00016042951
0.1445286,0.00014172142
0.14641118,0.00012871665
0.15123014,0.00014766517
0.14989033,0.00012758144
0.1543926,0.00012392887
0.1346527,0.00014803652
0.15180817,0.00011323935
0.14291997,0.00017034961
0.13773403,0.0001633941
0.13458718,9.514353e-05
0.13542545,0.00013378295
0.14717521,0.00013173587
0.14160654,0.0001100733
0.14056824,7.0227004e-05
0.15356182,0.00011778604
0.15227439,9.055267e-05
0.14186814,0.00010205869
0.1600003,8.70139e-05
0.14742477,7.3822586e-05
0.13971932,8.809736e-05
0.13917339,0.000106771426
0.14639267,8.552354e-05
0.14926018,8.8405126e-05
0.16194326,0.00010246534
0.14236139,9.031337e-05
0.14080913,7.290055e-05
0.1416994,7.267836e-05
0.1469109,0.00013333365
0.14719976,0.00010787599
0.14166659,0.000118748336
0.15423311,0.00010929222
0.1485154,9.4328585e-05
0.148664,0.00012380096
0.14142814,0.00012125989
0.16414434,8.9836656e-05
0.14225417,0.00011174309
0.14099957,0.00010476583
0.14536457,0.00013514758
0.14424682,0.00010995423
0.14839368,7.87366e-05
0.1368237,0.00011096709
0.14792505,0.00010355348
0.15982972,6.790559e-05
0.13732973,5.6359313e-05
0.1590284,0.00010183355
0.13899224,7.4448595e-05
0.14535616,7.555811e-05
0.14577483,7.9685844e-05
0.1391499,6.430869e-05
0.15287626,7.728579e-05
0.14819357,8.0335754e-05
0.14331742,7.609022e-05
0.13456894,7.38323e-05
0.14628398,8.109614e-05
0.13525386,7.440721e-05
0.14408177,5.683166e-05
0.13817216,5.5305874e-05
0.13919838,0.00010765926
0.1374477,9.240721e-05
0.13677868,9.602218e-05
0.13424127,8.778641e-05
0.13502944,7.596356e-05
0.13838764,9.995472e-05
0.14436603,9.013433e-05
0.15141231,7.481105e-05
0.13859937,8.92703e-05
0.14622608,8.501727e-05
0.13509153,0.00011707286
0.14234838,9.7466465e-05
0.14292568,6.012317e-05
0.1364672,9.1111695e-05
0.15315215,8.8083245e-05
0.14045645,6.1069855e-05
0.269624,0.0019056186
0.25539485,0.0017494465
0.27983627,0.0022083393
0.26124197,0.0024879377
0.2522907,0.0019033988
0.26685676,0.002003868
0.23594427,0.0024189088
0.2523062,0.0021859445
0.2588251,0.0024177225
0.27728096,0.002181918
0.26012412,0.0021412533
0.28554642,0.0019948597
0.26469958,0.0022516234
0.27358314,0.0022751302
0.2801805,0.0021829242
0.2718896,0.0023572305
0.27560276,0.0028100663
0.2772939,0.0026193224
0.29296097,0.0023193636
0.30345076,0.002361098
0.2802797,0.0022039458
0.26463968,0.0021876944
0.27202,0.0025465155
0.26358506,0.0019865723
0.2788988,0.002092914
0.2615494,0.0026778611
0.27382517,0.0022384385
0.26866257,0.0021679602
0.25306743,0.0020828885
0.2680826,0.002006647
0.28247496,0.017113592
0.33404833,0.01634932
0.3259704,0.020958189
0.31026208,0.020109767
0.3320333,0.017606279
0.29673353,0.018093366
0.31380132,0.021094223
0.3522436,0.019908262
0.31041747,0.020186704
0.32996494,0.01942734
0.312022,0.016636318
0.31753966,0.018796414
0.3064064,0.018658891
0.3201849,0.02097595
0.31337306,0.017936159
0.3162685,0.016602447
0.29984805,0.021590032
0.29840505,0.022339838
0.29774308,0.019503243
0.3125129,0.021163365
0.34453323,0.018966002
0.30489737,0.018129911
0.31228125,0.020279568
0.3208001,0.018075276
0.30262226,0.016835267
0.30815113,0.021089822
0.3091441,0.018928371
0.31832016,0.019054357
0.330123,0.016702197
0.3192212,0.018087244
0.03962482,8.656674e-06
0.03299655,2.1349653e-05
0.03537893,1.372317e-05
0.041015737,1.6679058e-05
0.04095675,1.4267329e-05
0.04233416,9.952951e-06
0.038962536,1.1900358e-05
0.04089148,1.48517465e-05
0.035727844,1.0498759e-05
0.03622967,1.2540671e-05
0.040187977,1.7668888e-05
0.035443727,1.3756795e-05
0.040078774,9.599169e-06
0.037393097,6.9742377e-06
0.03784373,2.3010482e-05
0.04526235,1.7887529e-05
0.040520474,1.6194344e-05
0.043632563,1.68746e-05
0.03859275,1.527492e-05
0.03179013,1.7881799e-05
0.03357038,1.8308343e-05
0.03999481,1.2796074e-05
0.038558103,1.6305083e-05
0.037328575,1.4797148e-05
0.033143394,2.3966028e-05
0.03719946,1.4786158e-05
0.033950236,1.0126069e-05
0.036089126,1.9468804e-05
0.03720372,1.9832383e-05
0.040267617,1.1496504e-05
0.28022283,0.0026000894
0.29314655,0.0026778942
0.32541373,0.0031814915
0.28887388,0.0033076794
0.27948102,0.0029285317
0.27835476,0.0027919658
0.26798248,0.0032428114
0.2973783,0.0028538217
0.2888047,0.0034555
0.29119676,0.0029327925
0.2927701,0.0026876659
0.30658206,0.0025432233
0.2779737,0.0031111878
0.27514932,0.0032312803
0.31552863,0.0028931897
0.3027465,0.003073844
0.28000823,0.003765836
0.28189838,0.0035430035
0.30242947,0.0033355574
0.32792026,0.0034667694
0.3160038,0.0030885246
0.26587385,0.0028684486
0.3042506,0.0034970518
0.2899425,0.0028513232
0.3135774,0.0027526962
0.30042645,0.0035109543
0.27333748,0.0030972871
0.28091127,0.0029972899
0.28128242,0.0027149247
0.29947993,0.0027373142
0.09264209,4.6656463e-05
0.08488852,7.6387856e-05
0.08902447,6.2763625e-05
0.09229908,7.491985e-05
0.08877746,6.5951754e-05
0.08638801,5.2295043e-05
0.08984799,6.5142434e-05
0.09019897,6.607155e-05
0.08053697,5.6701687e-05
0.089649014,6.2527295e-05
0.08756896,7.185204e-05
0.08356072,6.169524e-05
0.09144986,5.264811e-05
0.08993668,4.533155e-05
0.077757396,9.4604504e-05
0.09227138,8.472083e-05
0.089005,8.1762846e-05
0.09508029,7.351341e-05
0.08789788,6.757349e-05
0.091463335,7.925382e-05
0.084571764,7.641554e-05
0.09166377,6.708143e-05
0.090796106,7.753189e-05
0.08987501,7.105592e-05
0.08723753,9.242871e-05
0.08179962,7.8178025e-05
0.08118638,5.3714244e-05
0.08589974,8.197262e-05
0.0940536,7.800437e-05
0.084584735,5.435868e-05
0.21900216,0.000504491
0.22099087,0.0006200939
0.24710597,0.0006359178
0.20986474,0.00060992927
0.18557715,0.00066245615
0.2013164,0.00057454105
0.19647735,0.00069051544
0.21151972,0.0005658676
0.20607606,0.0007853647
0.2137106,0.00062358327
0.20660739,0.0006314213
0.19287722,0.0005064221
0.23308775,0.00058705907
0.2133807,0.0005147213
0.23276855,0.0006421522
0.2323593,0.0008088887
0.20828585,0.00074973324
0.2015374,0.000614075
0.24020824,0.0007197462
0.23315704,0.00078422076
0.24107456,0.0006079003
0.17550859,0.0006423038
0.22662555,0.000716361
0.21664959,0.000617642
0.2566621,0.00064179214
0.23035212,0.00083275646
0.21473375,0.0005150622
0.19803362,0.00065404363
0.20610194,0.00055009045
0.1987074,0.0005682389
0.23969692,0.0037610503
0.22668046,0.0040808637
0.2443339,0.0043394845
0.2171214,0.0045870827
0.23894234,0.0037919707
0.22009987,0.004130852
0.21527338,0.0042247255
0.22408539,0.0043886597
0.22621271,0.004801789
0.24071638,0.0040242206
0.24050394,0.00390395
0.23679669,0.0037035367
0.2210856,0.0043347892
0.21982262,0.0040157037
0.24432307,0.0039570965
0.2399634,0.0041548526
0.21345876,0.004991317
0.2298483,0.004962177
0.23501293,0.004959357
0.24165276,0.0047961934
0.22333013,0.0044235894
0.20843768,0.0041196737
0.22667243,0.005096268
0.21739057,0.0043344623
0.24962342,0.0041986136
0.24303123,0.0047044056
0.20961446,0.0039834506
0.22001193,0.004548635
0.21755357,0.0039135665
0.24333672,0.003579479
0.27572334,0.013734909
0.2769078,0.012974452
0.282585,0.015783703
0.26945725,0.01566729
0.281101,0.013702258
0.25825986,0.014625069
0.26756525,0.016301522
0.29962483,0.014440038
0.2673707,0.017029896
0.31025508,0.016485887
0.2661616,0.015012188
0.27626902,0.014420956
0.279413,0.015205671
0.2904774,0.015461993
0.2621405,0.0141224
0.28234974,0.01570388
0.2670063,0.016631722
0.267736,0.015501283
0.2756496,0.016250988
0.29984805,0.01614301
0.30545774,0.014160725
0.25675222,0.0153509695
0.28666866,0.016245995
0.2692763,0.01609502
0.28747267,0.013390228
0.27187008,0.016697774
0.27342734,0.01564003
0.26708567,0.015884828
0.2852766,0.014002198
0.26376817,0.013994176
0.1941186,0.0071385195
0.1820787,0.007909251
0.19169162,0.0078434665
0.1759985,0.008533859
0.17995846,0.007826079
0.18813734,0.008043161
0.1929111,0.008359604
0.19099915,0.007824465
0.19074434,0.008915128
0.20019625,0.008392341
0.19676565,0.008935589
0.19151889,0.0073932656
0.19651522,0.00735396
0.18790112,0.0075308117
0.18282695,0.009131813
0.19595289,0.008244332
0.19348124,0.009329093
0.19043048,0.009212124
0.19920197,0.009451951
0.18747678,0.009258232
0.19317,0.008161639
0.18874739,0.008548953
0.19785166,0.009544151
0.19141485,0.00803825
0.18891697,0.00864941
0.18948665,0.00886806
0.18405324,0.0077078408
0.17971669,0.008919149
0.1900567,0.008126923
0.18038078,0.007632658
0.15603246,0.0015735877
0.1601413,0.0021676817
0.164193,0.0018952515
0.15772857,0.0020991964
0.14139318,0.0023633982
0.1666447,0.002113161
0.18081796,0.0019650673
0.16997012,0.0017346381
0.1663365,0.0021355809
0.15891203,0.0019991754
0.1701049,0.0021000567
0.17124721,0.0015903079
0.17773975,0.0016370206
0.17073101,0.001682815
0.1631441,0.0024038877
0.17457545,0.0022036354
0.16856325,0.002350666
0.14977725,0.002347439
0.16594978,0.0021822243
0.14889152,0.0022245094
0.18432082,0.0020251886
0.15347292,0.002145099
0.16642182,0.0025119986
0.17947544,0.001871831
0.15502334,0.0024327175
0.1697969,0.0023318355
0.161533,0.0018257676
0.16126798,0.0022285082
0.15815966,0.0020291903
0.15559587,0.0019639772
0.13293561,0.00074255664
0.11838193,0.0011852873
0.13274261,0.0008940604
0.11201659,0.0009175421
0.121771745,0.0008662067
0.124844134,0.0008794277
0.12247342,0.00078007375
0.11602567,0.0009386207
0.13164477,0.0010126401
0.12123979,0.0008771552
0.13724479,0.0010527129
0.12055358,0.0007741507
0.12007705,0.0007077684
0.10518494,0.0006488394
0.13294712,0.0011260755
0.13403302,0.0009813303
0.12109247,0.0010300493
0.12726742,0.0011343322
0.12829116,0.0011222584
0.12542164,0.001133528
0.11544542,0.001056556
0.11689527,0.00080905214
0.12078756,0.0012352491
0.1168075,0.0009782806
0.14145163,0.00117843
0.13936381,0.00096172775
0.11180771,0.00078161486
0.099138826,0.001085917
0.12163672,0.0009793111
0.12991549,0.00067528826
0.18464758,0.0011995998
0.17381604,0.0015454252
0.18817388,0.0013703952
0.17136419,0.0014319917
0.19636638,0.0012749977
0.18038976,0.0013493083
0.18397593,0.0014436095
0.18068904,0.0015269106
0.18435083,0.0014957864
0.19757569,0.0014392677
0.18906024,0.0014060824
0.17922674,0.0013038986
0.17360862,0.0012435896
0.1738438,0.0012610892
0.17781553,0.0017555059
0.17806824,0.0016118461
0.16589977,0.0016761761
0.17843471,0.0016048019
0.17548732,0.0015567562
0.19370401,0.001781222
0.17742799,0.0016263385
0.17419316,0.0013938831
0.18859118,0.0017934785
0.1702143,0.0016722485
0.19622774,0.0017979882
0.17966607,0.0014413004
0.17369328,0.0013776709
0.17053428,0.0016558674
0.19089693,0.0016079213
0.17545694,0.0011309949
0.22309852,0.0028830364
0.18402314,0.002939908
0.19952922,0.0029560737
0.19464143,0.003407909
0.19930421,0.0029483065
0.20415078,0.003406586
0.19934246,0.0032841861
0.18808198,0.0030736027
0.1971685,0.0033965702
0.21281882,0.0033175477
0.20299308,0.0029734108
0.21690781,0.0028488082
0.19849785,0.003157887
0.20794934,0.002885771
0.19469175,0.003468038
0.19883446,0.0036926828
0.19775265,0.0038770866
0.20721048,0.003709961
0.20016019,0.0036018349
0.20953298,0.0034108544
0.19620933,0.0032633492
0.18742457,0.0036844679
0.19809756,0.004236473
0.19287919,0.0032607166
0.21477702,0.0036967185
0.20310198,0.003561319
0.19811958,0.0032469819
0.20149323,0.0035784724
0.19776508,0.0033255005
0.20025915,0.002907874
0.1469067,0.00033301546
0.13321194,0.00057360437
0.1405839,0.00044729986
0.13583654,0.00049678196
0.13700196,0.0004333445
0.14768529,0.0004247809
0.13562673,0.00037894392
0.1303245,0.000456769
0.13497935,0.0004417447
0.13509336,0.0004356827
0.15269606,0.0004386174
0.13814376,0.00037516418
0.13211752,0.0003413712
0.13234587,0.00029488205
0.14809479,0.0005585486
0.15016554,0.00054534577
0.12724912,0.0005264249
0.13605312,0.000538492
0.13757089,0.00050534983
0.13375129,0.00050617446
0.12877366,0.00052788557
0.12266741,0.00045765477
0.13042796,0.00062088936
0.13482107,0.0004956314
0.15015867,0.0006328877
0.15133426,0.0004844792
0.13243134,0.00039002753
0.122119226,0.00055691024
0.12882908,0.0004627663
0.14854755,0.00034396074
0.11152781,9.903018e-05
0.08987258,0.00017594208
0.10610729,0.00014526282
0.09529046,0.00014635758
0.09303158,0.00012399138
0.11137509,0.00011736839
0.09145021,0.00011684054
0.09934271,0.00014095538
0.09890185,0.0001383092
0.104100496,0.00013639417
0.09998229,0.00014683256
0.09652263,0.00011335128
0.10567155,0.000102980965
0.10039732,8.591302e-05
0.11213064,0.00017719028
0.10209926,0.00017509992
0.102930345,0.00016261124
0.09699162,0.00015066205
0.108490005,0.00014382829
0.103172496,0.00016432421
0.09372101,0.00016388451
0.0879817,0.00012929788
0.10680332,0.00017762111
0.10114039,0.00015142668
0.11039684,0.00018955667
0.10965924,0.00014295748
0.09578802,0.00010989239
0.09215253,0.0001728047
0.09062493,0.00014921578
0.10370691,0.00010246661
0.22271791,0.0011390119
0.22132437,0.0013968194
0.21202247,0.0012943865
0.22635847,0.0012552596
0.19689895,0.0013782891
0.19591254,0.0014032592
0.22792068,0.0014920408
0.20897667,0.0012483686
0.22128846,0.0016412977
0.19281064,0.0013592725
0.18978871,0.0012885948
0.21007544,0.00113302
0.2079842,0.0011748446
0.2040947,0.0012210651
0.21442662,0.0014547312
0.20608878,0.0015755293
0.20548528,0.0017016059
0.20101994,0.001569895
0.19771628,0.0015451618
0.21894225,0.0014698642
0.2163942,0.001275735
0.19696432,0.0014395823
0.21113156,0.0016876888
0.22071697,0.0013682448
0.22768669,0.0016011015
0.22472101,0.0016746584
0.21401912,0.0012310299
0.21403562,0.0015721964
0.21656498,0.0014248067
0.20305067,0.0013374265
0.14983103,0.0003767149
0.15132421,0.0006107856
0.15165994,0.00050411513
0.14824706,0.0004902063
0.14529198,0.00046956743
0.1493347,0.0004437226
0.15118413,0.00045548522
0.15105,0.0005122486
0.15520714,0.00050687476
0.13972996,0.0004757434
0.1514613,0.00051053695
0.1470745,0.00043486714
0.14044924,0.00037940394
0.13745931,0.00039401444
0.1504001,0.0006161539
0.15197493,0.00050880114
0.14749204,0.0006030271
0.1464423,0.0006089366
0.14570628,0.00055144436
0.14780444,0.00058427476
0.14417695,0.0005694157
0.15224178,0.00044790364
0.14722769,0.0006184331
0.14762878,0.0004864269
0.14331746,0.00064446364
0.15560022,0.0005618433
0.1387115,0.000417098
0.13801213,0.00057364616
0.1480394,0.0005450298
0.15075749,0.00040865954
0.2740589,0.0064961
0.27449882,0.0066792113
0.27998495,0.006991201
0.26067898,0.007088987
0.25539398,0.007216433
0.2636612,0.007646113
0.27501735,0.0070602507
0.2724913,0.0065814513
0.27310267,0.008447291
0.2769546,0.0069512506
0.28361022,0.006429065
0.28863016,0.006053487
0.27476034,0.007255456
0.2755564,0.00697823
0.2901097,0.006766446
0.2741507,0.0070145284
0.25727507,0.008421928
0.25452042,0.008201552
0.2712,0.00831408
0.2653758,0.0076671187
0.28432542,0.0069116564
0.24609151,0.0074190972
0.26542324,0.008660608
0.2723071,0.0066664456
0.28712413,0.0073575987
0.28648102,0.008141595
0.26093766,0.0066883126
0.27005297,0.0073402724
0.2519109,0.006631259
0.2782364,0.0069614644
